# BRG list from Daniel Eisenstein for plates 300 to 309.
# Plate MJD Fibernum
0300 51666 011
0300 51666 015
0300 51666 035
0300 51666 044
0300 51666 049
0300 51666 052
0300 51666 059
0300 51666 074
0300 51666 084
0300 51666 095
0300 51666 096
0300 51666 102
0300 51666 103
0300 51666 104
0300 51666 115
0300 51666 142
0300 51666 144
0300 51666 146
0300 51666 150
0300 51666 152
0300 51666 155
0300 51666 159
0300 51666 178
0300 51666 179
0300 51666 199
0300 51666 209
0300 51666 211
0300 51666 227
0300 51666 231
0300 51666 237
0300 51666 241
0300 51666 246
0300 51666 251
0300 51666 265
0300 51666 267
0300 51666 274
0300 51666 275
0300 51666 291
0300 51666 308
0300 51666 326
0300 51666 329
0300 51666 336
0300 51666 338
0300 51666 365
0300 51666 368
0300 51666 387
0300 51666 400
0300 51666 424
0300 51666 425
0300 51666 439
0300 51666 453
0300 51666 460
0300 51666 471
0300 51666 475
0300 51666 477
0300 51666 489
0300 51666 498
0300 51666 513
0300 51666 523
0300 51666 524
0300 51666 531
0300 51666 532
0300 51666 533
0300 51666 537
0300 51666 538
0300 51666 539
0300 51666 540
0300 51666 564
0300 51666 569
0300 51666 577
0300 51666 583
0300 51666 597
0300 51666 600
0300 51666 623
0300 51666 629
0300 51666 636
0301 51641 015
0301 51641 019
0301 51641 029
0301 51641 033
0301 51641 034
0301 51641 041
0301 51641 045
0301 51641 046
0301 51641 048
0301 51641 050
0301 51641 054
0301 51641 063
0301 51641 064
0301 51641 067
0301 51641 069
0301 51641 079
0301 51641 087
0301 51641 100
0301 51641 113
0301 51641 146
0301 51641 147
0301 51641 148
0301 51641 166
0301 51641 170
0301 51641 171
0301 51641 196
0301 51641 200
0301 51641 203
0301 51641 207
0301 51641 218
0301 51641 238
0301 51641 258
0301 51641 268
0301 51641 302
0301 51641 314
0301 51641 328
0301 51641 370
0301 51641 387
0301 51641 391
0301 51641 400
0301 51641 415
0301 51641 417
0301 51641 429
0301 51641 434
0301 51641 447
0301 51641 463
0301 51641 482
0301 51641 483
0301 51641 485
0301 51641 503
0301 51641 517
0301 51641 527
0301 51641 541
0301 51641 546
0301 51641 549
0301 51641 554
0301 51641 555
0301 51641 558
0301 51641 563
0301 51641 567
0301 51641 578
0301 51641 596
0301 51641 606
0301 51641 620
0301 51641 639
0302 51688 042
0302 51688 054
0302 51688 055
0302 51688 076
0302 51688 098
0302 51688 127
0302 51688 136
0302 51688 147
0302 51688 149
0302 51688 180
0302 51688 200
0302 51688 232
0302 51688 266
0302 51688 286
0302 51688 291
0302 51688 303
0302 51688 326
0302 51688 327
0302 51688 330
0302 51688 342
0302 51688 356
0302 51688 361
0302 51688 370
0302 51688 372
0302 51688 374
0302 51688 377
0302 51688 379
0302 51688 386
0302 51688 390
0302 51688 393
0302 51688 405
0302 51688 408
0302 51688 409
0302 51688 415
0302 51688 418
0302 51688 427
0302 51688 432
0302 51688 439
0302 51688 444
0302 51688 447
0302 51688 466
0302 51688 472
0302 51688 475
0302 51688 478
0302 51688 480
0302 51688 509
0302 51688 511
0302 51688 519
0302 51688 525
0302 51688 528
0302 51688 529
0302 51688 551
0302 51688 559
0302 51688 582
0302 51688 632
0303 51615 023
0303 51615 026
0303 51615 042
0303 51615 096
0303 51615 098
0303 51615 128
0303 51615 129
0303 51615 156
0303 51615 172
0303 51615 183
0303 51615 191
0303 51615 260
0303 51615 261
0303 51615 284
0303 51615 299
0303 51615 305
0303 51615 309
0303 51615 314
0303 51615 321
0303 51615 346
0303 51615 347
0303 51615 349
0303 51615 370
0303 51615 376
0303 51615 378
0303 51615 384
0303 51615 387
0303 51615 406
0303 51615 409
0303 51615 413
0303 51615 415
0303 51615 431
0303 51615 444
0303 51615 451
0303 51615 452
0303 51615 458
0303 51615 459
0303 51615 475
0303 51615 494
0303 51615 504
0303 51615 506
0303 51615 521
0303 51615 527
0303 51615 529
0303 51615 530
0303 51615 533
0303 51615 542
0303 51615 548
0303 51615 568
0303 51615 577
0303 51615 609
0303 51615 618
0303 51615 629
0304 51609 003
0304 51609 011
0304 51609 019
0304 51609 057
0304 51609 063
0304 51609 120
0304 51609 125
0304 51609 127
0304 51609 131
0304 51609 134
0304 51609 140
0304 51609 149
0304 51609 158
0304 51609 166
0304 51609 196
0304 51609 234
0304 51609 241
0304 51609 243
0304 51609 279
0304 51609 312
0304 51609 325
0304 51609 332
0304 51609 351
0304 51609 355
0304 51609 366
0304 51609 378
0304 51609 382
0304 51609 385
0304 51609 387
0304 51609 388
0304 51609 390
0304 51609 395
0304 51609 404
0304 51609 417
0304 51609 430
0304 51609 440
0304 51609 446
0304 51609 476
0304 51609 483
0304 51609 491
0304 51609 496
0304 51609 499
0304 51609 502
0304 51609 513
0304 51609 520
0304 51609 529
0304 51609 532
0304 51609 533
0304 51609 544
0304 51609 551
0304 51609 568
0304 51609 592
0304 51609 595
0304 51609 602
0304 51609 606
0304 51609 612
0304 51609 616
0305 51613 015
0305 51613 040
0305 51613 042
0305 51613 043
0305 51613 053
0305 51613 055
0305 51613 063
0305 51613 076
0305 51613 081
0305 51613 087
0305 51613 088
0305 51613 129
0305 51613 130
0305 51613 133
0305 51613 136
0305 51613 138
0305 51613 140
0305 51613 152
0305 51613 154
0305 51613 160
0305 51613 193
0305 51613 204
0305 51613 212
0305 51613 216
0305 51613 218
0305 51613 219
0305 51613 238
0305 51613 242
0305 51613 244
0305 51613 246
0305 51613 282
0305 51613 365
0305 51613 394
0305 51613 411
0305 51613 416
0305 51613 433
0305 51613 443
0305 51613 450
0305 51613 466
0305 51613 467
0305 51613 468
0305 51613 469
0305 51613 478
0305 51613 497
0305 51613 510
0305 51613 511
0305 51613 516
0305 51613 547
0305 51613 548
0305 51613 558
0305 51613 560
0305 51613 582
0305 51613 583
0305 51613 587
0305 51613 589
0305 51613 590
0305 51613 615
0305 51613 622
0305 51613 625
0305 51613 638
0306 51690 003
0306 51690 013
0306 51690 014
0306 51690 015
0306 51690 016
0306 51690 033
0306 51690 035
0306 51690 044
0306 51690 048
0306 51690 049
0306 51690 055
0306 51690 058
0306 51690 060
0306 51690 061
0306 51690 066
0306 51690 068
0306 51690 077
0306 51690 091
0306 51690 100
0306 51690 115
0306 51690 125
0306 51690 154
0306 51690 161
0306 51690 167
0306 51690 180
0306 51690 199
0306 51690 200
0306 51690 201
0306 51690 204
0306 51690 207
0306 51690 208
0306 51690 210
0306 51690 215
0306 51690 218
0306 51690 222
0306 51690 223
0306 51690 232
0306 51690 241
0306 51690 244
0306 51690 255
0306 51690 268
0306 51690 288
0306 51690 292
0306 51690 306
0306 51690 312
0306 51690 317
0306 51690 322
0306 51690 339
0306 51690 341
0306 51690 350
0306 51690 354
0306 51690 360
0306 51690 362
0306 51690 364
0306 51690 376
0306 51690 377
0306 51690 379
0306 51690 384
0306 51690 415
0306 51690 443
0306 51690 444
0306 51690 445
0306 51690 453
0306 51690 458
0306 51690 460
0306 51690 465
0306 51690 491
0306 51690 499
0306 51690 501
0306 51690 516
0306 51690 541
0306 51690 547
0306 51690 556
0306 51690 562
0306 51690 579
0306 51690 583
0306 51690 584
0307 51663 021
0307 51663 027
0307 51663 038
0307 51663 039
0307 51663 044
0307 51663 050
0307 51663 058
0307 51663 059
0307 51663 065
0307 51663 075
0307 51663 080
0307 51663 084
0307 51663 088
0307 51663 112
0307 51663 122
0307 51663 126
0307 51663 133
0307 51663 136
0307 51663 143
0307 51663 152
0307 51663 160
0307 51663 177
0307 51663 188
0307 51663 192
0307 51663 201
0307 51663 203
0307 51663 211
0307 51663 221
0307 51663 226
0307 51663 227
0307 51663 229
0307 51663 233
0307 51663 240
0307 51663 264
0307 51663 272
0307 51663 281
0307 51663 286
0307 51663 291
0307 51663 293
0307 51663 297
0307 51663 300
0307 51663 303
0307 51663 306
0307 51663 311
0307 51663 315
0307 51663 322
0307 51663 327
0307 51663 334
0307 51663 335
0307 51663 339
0307 51663 345
0307 51663 364
0307 51663 370
0307 51663 372
0307 51663 388
0307 51663 396
0307 51663 410
0307 51663 415
0307 51663 418
0307 51663 422
0307 51663 428
0307 51663 450
0307 51663 453
0307 51663 454
0307 51663 485
0307 51663 503
0307 51663 512
0307 51663 514
0307 51663 524
0307 51663 526
0307 51663 528
0307 51663 531
0307 51663 533
0307 51663 540
0307 51663 552
0307 51663 555
0307 51663 559
0307 51663 570
0307 51663 574
0307 51663 583
0307 51663 592
0307 51663 597
0307 51663 599
0307 51663 606
0307 51663 620
0307 51663 622
0307 51663 625
0307 51663 628
0307 51663 629
0307 51663 636
0308 51662 012
0308 51662 016
0308 51662 018
0308 51662 026
0308 51662 033
0308 51662 045
0308 51662 057
0308 51662 098
0308 51662 101
0308 51662 103
0308 51662 108
0308 51662 120
0308 51662 138
0308 51662 178
0308 51662 180
0308 51662 182
0308 51662 193
0308 51662 197
0308 51662 200
0308 51662 201
0308 51662 203
0308 51662 209
0308 51662 213
0308 51662 227
0308 51662 231
0308 51662 232
0308 51662 235
0308 51662 237
0308 51662 244
0308 51662 246
0308 51662 252
0308 51662 254
0308 51662 285
0308 51662 301
0308 51662 319
0308 51662 323
0308 51662 346
0308 51662 352
0308 51662 358
0308 51662 360
0308 51662 386
0308 51662 389
0308 51662 400
0308 51662 419
0308 51662 421
0308 51662 422
0308 51662 428
0308 51662 461
0308 51662 466
0308 51662 489
0308 51662 505
0308 51662 509
0308 51662 515
0308 51662 520
0308 51662 525
0308 51662 531
0308 51662 533
0308 51662 539
0308 51662 553
0308 51662 562
0308 51662 576
0308 51662 580
0308 51662 592
0308 51662 602
0308 51662 603
0308 51662 605
0308 51662 606
0308 51662 612
0308 51662 623
0308 51662 626
0308 51662 629
0308 51662 632
0308 51662 633
0309 51666 002
0309 51666 005
0309 51666 019
0309 51666 022
0309 51666 023
0309 51666 024
0309 51666 030
0309 51666 033
0309 51666 035
0309 51666 038
0309 51666 049
0309 51666 062
0309 51666 067
0309 51666 071
0309 51666 073
0309 51666 075
0309 51666 082
0309 51666 107
0309 51666 129
0309 51666 136
0309 51666 165
0309 51666 168
0309 51666 176
0309 51666 181
0309 51666 183
0309 51666 186
0309 51666 190
0309 51666 199
0309 51666 201
0309 51666 211
0309 51666 213
0309 51666 215
0309 51666 216
0309 51666 227
0309 51666 238
0309 51666 244
0309 51666 245
0309 51666 246
0309 51666 247
0309 51666 261
0309 51666 269
0309 51666 285
0309 51666 288
0309 51666 292
0309 51666 293
0309 51666 296
0309 51666 305
0309 51666 322
0309 51666 327
0309 51666 329
0309 51666 331
0309 51666 332
0309 51666 348
0309 51666 364
0309 51666 365
0309 51666 366
0309 51666 368
0309 51666 369
0309 51666 387
0309 51666 388
0309 51666 403
0309 51666 412
0309 51666 414
0309 51666 426
0309 51666 440
0309 51666 448
0309 51666 466
0309 51666 471
0309 51666 472
0309 51666 477
0309 51666 493
0309 51666 521
0309 51666 524
0309 51666 532
0309 51666 533
0309 51666 541
0309 51666 543
0309 51666 556
0309 51666 565
0309 51666 589
0309 51666 597
0309 51666 598
0309 51666 605
0309 51666 610
0309 51666 624
0309 51666 635
0309 51666 637
