typedef struct {
 int cartid;
 char camname[3];
 int mjd;
 float xstart_tol;
 int nfiber;
 float fiberspace[25];
 float bundlegap[25];
} FIBERPARAM;


FIBERPARAM 10 b1 55026 70.0000 500 { 6.78732 6.92697 6.69867 6.42413 6.60730 6.42719 6.54675 6.48621 6.45691 6.41736 6.40417 6.35254 6.59167 6.74414 6.52881 6.42554 6.02563 6.45483 6.33398 6.33105 6.46313 6.29736 6.36279 6.38330 6.54639 } { 289.092 7.58658 9.85870 11.2747 10.9910 10.4648 8.37659 10.6172 10.5908 10.4540 12.6715 11.2897 11.7463 8.47778 11.3135 9.58252 14.1511 10.9006 12.2910 12.2859 9.61768 9.80615 11.9138 10.0447 10.6682 }
FIBERPARAM 10 b2 55026 70.0000 500 { 6.63080 6.62299 6.59320 6.55090 6.54083 6.51379 6.60083 6.47900 6.46240 6.49036 6.58020 6.43750 6.55859 6.50562 6.47437 6.62817 6.55859 6.56274 6.55322 6.57739 6.55688 6.67065 6.60791 6.49243 6.74658 } { 290.787 8.17239 8.62128 11.9330 10.5080 9.95874 9.60510 10.3621 11.6667 9.04968 11.3077 151.817 10.4520 10.5850 10.5413 9.68115 11.1240 9.20654 12.9187 10.3354 8.76050 10.0239 11.4626 9.20361 9.92383 }
FIBERPARAM 10 r1 55026 70.0000 500 { 6.75104 6.72839 6.70697 6.68506 6.66626 6.65894 6.61829 6.63879 6.60229 6.61047 6.59851 6.59973 6.58447 6.60718 6.62524 6.57397 6.60889 6.61377 6.63867 6.66675 6.66895 6.66357 6.70654 6.72461 6.72461 } { 272.486 8.85318 10.0964 9.09772 10.4092 10.4795 8.84644 9.96594 9.17981 9.42615 11.8308 9.70581 8.68628 8.63574 9.75244 8.88135 10.6450 9.52051 9.82153 10.3789 9.14136 8.94873 10.4819 8.47510 9.18579 }
FIBERPARAM 10 r2 55026 70.0000 500 { 6.76962 6.73279 6.73077 6.72772 6.72485 6.68848 6.65576 6.67944 6.65161 6.64624 6.65454 6.62585 6.61902 6.64502 6.61572 6.64746 6.62964 6.62744 6.65479 6.69360 6.67700 6.68140 6.73779 6.75586 6.78076 } { 256.134 8.90384 8.52966 11.3663 10.1630 9.36688 9.64185 9.86511 11.3141 8.27454 10.8318 8.25085 9.71863 9.77490 9.74414 9.01245 10.0549 8.17920 12.1843 9.68970 8.21265 10.3071 10.9026 8.68262 10.5117 }
FIBERPARAM 11 b1 55026 70.0000 500 { 6.68893 6.16885 6.23218 6.76672 6.49829 6.64917 6.20337 6.39368 6.50513 6.61145 6.62341 6.58093 6.60632 6.22876 6.56201 6.42407 6.05640 6.52026 6.56104 6.61841 5.96533 6.69824 6.45337 6.85083 6.25269 } { 288.514 9.94434 10.1771 9.88843 10.0981 11.7333 10.3477 11.4122 9.59595 11.6857 10.2106 11.4049 8.97827 10.8723 9.88818 10.9373 13.5286 14.7722 10.3884 11.3145 10.2979 10.7683 12.0598 8.99487 8.95215 }
FIBERPARAM 11 b2 55026 70.0000 500 { 6.70935 6.61090 6.59167 6.49109 6.51685 6.56604 6.53931 6.46509 6.43848 6.48572 6.57410 6.56885 6.43445 6.48950 6.55859 6.59448 6.50635 6.54565 6.50830 6.54272 6.66309 6.55103 6.66577 6.50269 6.62500 } { 292.422 9.03256 8.50287 10.0089 9.35858 11.9590 9.88831 9.78564 9.42773 11.6301 12.5321 -96.4442 9.21899 9.92676 12.0874 9.26196 9.73584 9.09717 11.9622 9.46094 9.60034 10.2102 11.3452 12.3135 9.17871 }
FIBERPARAM 11 r1 55026 70.0000 500 { 6.76389 6.73773 6.72278 6.70404 6.66980 6.66382 6.63379 6.61792 6.61658 6.61816 6.61890 6.59900 6.59143 6.63550 6.60522 6.61963 6.59985 6.67334 6.62476 6.65674 6.68286 6.67944 6.69702 6.73706 6.72778 } { 272.233 8.47794 9.00854 9.56439 9.70935 10.2921 9.90686 10.3901 8.60400 10.4174 9.10022 9.85425 7.94495 8.93164 8.81030 9.35156 10.7690 11.7251 8.94531 8.83032 9.22852 9.35938 10.9749 8.89600 8.86328 }
FIBERPARAM 11 r2 55026 70.0000 500 { 6.78113 6.73471 6.73553 6.69788 6.69360 6.68030 6.65955 6.64844 6.60303 6.64490 6.64136 6.63281 6.63660 6.63354 6.63062 6.64355 6.64307 6.65161 6.66724 6.67944 6.70093 6.71143 6.75317 6.73657 6.77417 } { 257.739 9.37164 8.60565 9.67114 8.83228 11.3002 9.33069 9.20190 8.71362 10.7467 11.6416 9.01868 8.96289 8.83960 11.2100 8.79834 9.02271 8.43921 11.2217 8.69287 9.30640 9.66699 10.8992 11.2878 8.98145 }
FIBERPARAM 12 b1 55026 70.0000 500 { 7.26941 6.81876 6.29797 6.62610 6.67523 6.18097 6.24927 6.49561 6.33130 6.67969 6.44885 6.46179 6.26245 6.41846 6.41968 6.40625 6.32397 6.27100 6.35034 6.53418 6.65698 6.65845 6.44263 6.78027 6.59937 } { 289.011 7.62094 9.62585 10.5886 8.67517 10.4661 10.8662 11.2495 11.3070 11.9484 8.43225 13.6622 12.4740 9.43066 11.5608 13.4153 10.8525 13.1008 10.3647 11.0425 11.4138 11.4424 9.85352 9.88818 10.5049 }
FIBERPARAM 12 b2 55026 70.0000 500 { 6.65485 6.56216 6.55511 6.54572 6.59595 6.57214 6.49939 6.50342 6.53870 6.53479 6.57239 6.41003 6.50415 6.51221 6.58789 6.57861 6.54883 6.46362 6.53564 6.55933 6.49170 6.61304 6.56885 6.55054 6.67383 } { 291.005 9.04526 9.50574 8.90381 8.92169 11.8954 9.66235 9.36438 11.1635 10.8519 10.0527 7.64355 9.98364 10.3660 9.62817 9.72021 10.0002 11.3982 11.0332 9.45410 9.37842 9.50488 9.03662 10.0984 9.91968 }
FIBERPARAM 12 r1 55026 70.0000 500 { 6.74640 6.72015 6.72437 6.68335 6.66382 6.68420 6.64807 6.62415 6.60510 6.59924 6.61353 6.62097 6.60510 6.60596 6.60986 6.61426 6.61133 6.63379 6.64966 6.64624 6.70190 6.67871 6.68726 6.70850 6.74902 } { 271.719 9.51804 9.49518 9.71796 9.08813 10.0204 9.41357 9.80090 10.8029 9.50366 8.00598 12.3042 9.45203 8.34473 9.25806 11.7358 8.73706 10.6370 9.21460 10.5371 9.41064 10.4409 9.60767 9.15698 9.98950 }
FIBERPARAM 12 r2 55026 70.0000 500 { 6.77155 6.75372 6.73669 6.73798 6.66498 6.69653 6.66577 6.68506 6.64954 6.64368 6.63696 6.62476 6.62195 6.64136 6.60620 6.62695 6.63599 6.65747 6.66870 6.68140 6.71411 6.69702 6.72656 6.73267 6.77979 } { 256.320 9.14050 9.93475 8.72870 8.77490 11.5752 9.38940 8.75671 10.5317 9.75854 9.16907 9.77625 9.38977 10.0293 9.60645 8.95679 9.22363 10.8298 10.7078 8.58813 8.93555 9.60767 8.76953 10.1948 10.0464 }
FIBERPARAM 13 b1 55026 70.0000 500 { 6.56613 6.44800 6.69641 6.51001 6.47095 6.52783 6.28979 6.44897 6.41479 6.39880 6.41626 6.37476 6.33313 6.42163 6.34668 6.58154 6.66943 6.07812 6.39478 6.45361 6.63721 6.53516 6.48999 6.47437 6.48218 } { 285.594 11.4285 8.29047 10.7939 10.6495 11.0321 10.2792 11.2614 11.5010 11.2859 11.6404 12.8159 9.75928 11.1907 12.5618 11.2715 10.8345 12.2747 12.0244 10.9001 11.3865 9.11816 12.1357 10.1223 10.6672 }
FIBERPARAM 13 b2 55026 70.0000 500 { 6.63614 6.56042 6.54620 6.53217 6.55261 6.57861 6.57190 6.51270 6.51575 6.48035 6.53821 6.52429 6.54395 6.53979 6.62231 6.47510 6.55786 6.55566 6.52759 6.48169 6.54932 6.74146 6.59985 6.72729 6.58569 } { 291.930 8.94077 8.96625 10.8559 10.1759 10.9209 8.95581 11.9303 9.66833 10.7542 11.1418 9.19861 7.56250 10.3999 10.9463 9.72510 11.7339 9.74170 10.6221 9.61670 11.4707 8.46094 9.55420 9.91895 10.8813 }
FIBERPARAM 13 r1 55026 70.0000 500 { 6.80038 6.75397 6.73267 6.69714 6.65649 6.66174 6.63013 6.60205 6.61731 6.59924 6.62805 6.60681 6.58960 6.59155 6.59473 6.61768 6.60718 6.65137 6.62817 6.62817 6.65356 6.68530 6.70459 6.74585 6.74805 } { 268.138 9.94559 9.54187 10.2161 9.53870 10.2173 9.41187 10.5824 9.27991 9.62317 9.56262 10.4771 8.64014 10.0227 9.72144 9.94751 9.30786 9.95239 9.78589 9.25513 10.4658 8.97534 10.3762 9.05591 10.0671 }
FIBERPARAM 13 r2 55026 70.0000 500 { 6.75943 6.79105 6.72717 6.71613 6.68164 6.66602 6.68433 6.65503 6.64697 6.66248 6.65723 6.65259 6.62805 6.61621 6.65063 6.63330 6.64087 6.67554 6.60889 6.66357 6.69751 6.69214 6.72461 6.74756 6.78320 } { 256.841 9.39130 9.20312 10.3831 10.1628 10.2664 8.79736 11.9485 8.84448 9.60901 10.2133 8.75415 8.43896 9.69141 10.0076 8.77173 11.0571 8.82251 9.87427 9.26099 11.1174 8.93164 8.85132 9.93848 10.1272 }
FIBERPARAM 14 b1 55026 70.0000 500 { 7.12704 6.83484 6.47620 6.46918 6.37946 6.74231 6.47449 6.47522 6.88147 6.66602 6.30286 6.72485 6.49951 6.42749 6.23340 6.72437 6.54712 6.40625 6.61499 6.49854 6.47095 6.57446 6.32764 6.78687 6.76685 } { 286.631 9.41949 10.5922 9.28711 10.8118 10.6219 9.71545 10.4015 9.64551 11.1040 11.0940 10.6686 10.1553 10.5234 11.3230 10.5830 12.7197 12.1572 11.1233 9.93433 10.4260 11.7327 11.0796 10.3606 9.03662 }
FIBERPARAM 14 b2 55026 70.0000 500 { 6.60358 6.62161 6.58673 6.52753 6.56976 6.51221 6.51929 6.52783 6.39954 6.57483 6.56189 6.45361 6.47705 6.56421 6.45386 6.40283 6.56885 6.52905 6.53662 6.52881 6.52515 6.60376 6.54614 6.61133 6.63281 } { 294.418 9.67950 9.50739 9.74713 8.89917 9.32605 9.55493 9.60449 10.0525 11.6517 9.82544 10.7180 9.49634 9.36646 10.0630 10.6240 11.2153 10.2632 9.95874 9.75513 9.12134 8.74121 9.40112 10.8323 8.83130 }
FIBERPARAM 14 r1 55026 70.0000 500 { 6.73895 6.72754 6.67535 6.66870 6.66571 6.65540 6.64905 6.62793 6.64929 6.59802 6.61365 6.63733 6.56238 6.60449 6.59351 6.60791 6.60986 6.63354 6.61841 6.66089 6.71411 6.66772 6.67651 6.72754 6.77441 } { 269.165 9.83081 9.35516 9.15259 9.65656 10.3757 9.61133 9.47046 9.10706 11.2589 9.47778 9.61584 8.45007 8.71680 9.87061 9.01318 11.4214 9.93677 9.72681 9.35278 9.74756 10.0266 10.0190 10.5715 9.50220 }
FIBERPARAM 14 r2 55026 70.0000 500 { 6.77383 6.75793 6.74536 6.71429 6.68842 6.65540 6.65527 6.65430 6.63770 6.62732 6.61853 6.63745 6.61133 6.65942 6.61621 6.62598 6.63623 6.65967 6.69556 6.69800 6.70947 6.69727 6.72900 6.73853 6.77100 } { 259.765 10.3582 9.67352 9.40387 8.92047 8.49493 9.71741 9.20300 9.23792 10.7533 9.47412 10.1300 10.0078 8.85645 9.30298 9.72314 10.2090 9.09180 9.24951 9.30518 8.84326 8.70117 8.72729 10.9048 9.32153 }
FIBERPARAM 15 b1 55026 70.0000 500 { 6.22244 6.68958 6.78833 6.82129 6.36615 6.51965 6.44678 6.49902 6.37781 6.54504 6.43945 6.47290 6.47998 6.41699 6.50952 6.48120 6.46875 6.51855 6.20972 6.42749 6.48364 6.54565 6.68896 6.42212 6.50757 } { 289.261 9.03281 8.72394 10.4397 10.1885 8.97174 11.9614 9.93274 13.0322 10.9949 11.3831 11.5345 10.5110 13.5488 11.9141 9.83008 13.6277 10.1875 10.6704 13.7854 8.79688 14.2847 8.78101 7.13770 8.25757 }
FIBERPARAM 15 b2 55026 70.0000 500 { 6.61957 6.59161 6.63367 6.56378 6.54865 6.53918 6.55066 6.51001 6.51343 6.44897 6.53333 6.47595 6.47217 6.53320 6.59302 6.47241 6.59229 6.54517 6.61401 6.53589 6.56934 6.62451 6.60693 6.66870 6.58276 } { 290.826 10.2475 8.44659 10.1647 9.31342 10.9764 8.63647 9.72620 10.9833 11.7937 9.45776 10.7277 8.68091 10.0442 13.4211 8.86694 9.36914 8.70386 8.93433 10.2629 9.29834 9.95361 8.91187 9.41187 8.99097 }
FIBERPARAM 15 r1 55026 70.0000 500 { 6.73138 6.75000 6.71326 6.69226 6.68408 6.63953 6.64062 6.63879 6.63647 6.62109 6.59131 6.59277 6.61792 6.60474 6.59790 6.61646 6.62036 6.63257 6.64526 6.64966 6.66357 6.68726 6.70532 6.73462 6.76587 } { 271.323 8.62836 8.60498 11.4503 9.07294 8.76410 10.0259 8.59399 10.8435 8.87244 10.1453 9.77563 8.47266 12.3606 11.3567 8.76123 9.57324 8.54419 9.69116 12.1411 8.83398 12.1033 8.81226 5.83423 8.53491 }
FIBERPARAM 15 r2 55026 70.0000 500 { 6.78799 6.76334 6.79681 6.71570 6.68713 6.69604 6.67053 6.65649 6.63586 6.62097 6.61462 6.64746 6.62964 6.62891 6.63599 6.63599 6.64819 6.64648 6.68213 6.67627 6.68262 6.72021 6.71826 6.74756 6.76831 } { 255.896 11.3428 8.73383 9.88721 8.90912 10.6689 8.39050 9.18628 10.2183 10.8567 8.63440 10.7277 8.38965 10.1704 13.4211 8.37085 9.74219 9.30518 9.21582 10.5046 9.27441 10.1570 8.95947 9.60107 9.52808 }
FIBERPARAM 16 b1 55026 70.0000 500 { 6.79691 6.48651 6.64349 6.79034 6.68561 6.56750 6.29224 6.33215 6.54211 6.68933 6.60596 6.42065 6.27100 6.45215 6.33423 6.41626 6.62939 6.58447 6.34961 6.56421 6.36768 6.66162 6.45117 6.53979 6.70630 } { 278.536 11.6624 11.5544 9.37408 10.0422 9.13641 11.1382 9.34717 10.5519 12.8867 8.03589 12.4072 9.01086 9.58154 10.6404 10.9802 11.3208 10.0520 11.4753 11.0911 11.1123 10.5889 10.9956 10.9712 10.8521 }
FIBERPARAM 16 b2 55026 70.0000 500 { 6.59323 6.60767 6.58545 6.49945 6.45685 6.52856 6.49670 6.55249 6.55896 6.47083 6.59155 6.50269 6.59412 6.51099 6.55347 6.47388 6.57593 6.52393 6.42188 6.59326 6.55542 6.61108 6.67432 6.65210 6.62744 } { 294.361 9.87549 9.35541 9.26245 11.1793 10.4011 10.8488 11.0438 10.5945 10.4073 10.1439 13.1464 9.77991 10.3411 10.1406 10.6802 9.82446 10.3315 11.4426 9.44897 10.2070 9.96558 10.8025 8.93530 9.21338 }
FIBERPARAM 16 r1 55026 70.0000 500 { 6.72882 6.72256 6.70941 6.69067 6.67749 6.64478 6.60974 6.61365 6.62231 6.60571 6.59058 6.62207 6.59924 6.61206 6.59839 6.61475 6.61157 6.63574 6.63232 6.65210 6.63721 6.67090 6.70947 6.70166 6.74023 } { 260.965 9.96274 10.0056 9.21844 9.98492 9.26941 10.2708 9.51978 10.2344 10.4072 8.29492 10.2145 9.71692 8.45435 10.4490 9.34473 10.6741 9.40430 9.58472 8.99390 9.71338 9.49780 9.34985 9.71069 9.93896 }
FIBERPARAM 16 r2 55026 70.0000 500 { 6.77094 6.76270 6.73981 6.72583 6.67981 6.67249 6.66577 6.64099 6.65759 6.62207 6.64734 6.63428 6.63110 6.64453 6.62842 6.63940 6.67212 6.64136 6.65137 6.67065 6.70044 6.70190 6.77612 6.76831 6.78589 } { 259.322 10.0883 8.66388 8.66321 10.1373 9.57782 9.95740 10.9542 9.83057 9.59814 9.51282 9.77991 9.07690 9.91968 9.31543 10.1895 8.94653 9.25293 10.6748 9.37207 9.91479 9.70435 10.6804 8.93433 9.98755 }
FIBERPARAM 17 b1 55026 70.0000 500 { 6.33353 6.79953 6.56433 6.34723 6.62622 6.58362 6.39514 6.48438 6.17285 6.50940 6.14380 6.16956 6.41406 6.36523 6.26294 6.40088 6.62939 6.21826 6.55566 6.47070 6.40918 6.26465 6.50732 6.34937 6.50146 } { 289.978 10.9623 11.0529 11.6185 8.50690 11.2568 9.48486 11.1630 13.3250 9.25110 11.1914 11.2021 11.6863 12.6484 11.5754 11.4426 9.96704 10.3679 11.3894 11.4561 10.4856 11.8625 11.7781 11.7800 10.7407 }
FIBERPARAM 17 b2 55026 70.0000 500 { 6.55090 6.68121 6.57458 6.51764 6.55389 6.59265 6.53967 6.57642 6.53137 6.53064 6.61316 6.49036 6.52173 6.39136 6.39722 6.54810 6.48950 6.55518 6.48901 6.54883 6.55640 6.59814 6.53979 6.65820 6.62769 } { 288.635 9.38013 9.19037 10.7352 14.2234 9.08301 9.80371 10.5312 10.4291 10.3560 10.2439 1.54785 9.16565 8.99170 10.1067 11.6047 9.74731 11.2600 10.2419 9.68848 9.79980 8.86475 9.58618 11.6711 9.22339 }
FIBERPARAM 17 r1 55026 70.0000 500 { 6.73163 6.72357 6.71375 6.69519 6.63092 6.65320 6.62585 6.63843 6.62268 6.62659 6.61755 6.60999 6.59473 6.59302 6.61133 6.60400 6.62183 6.62695 6.63257 6.65308 6.66577 6.68091 6.68970 6.73975 6.76685 } { 273.945 10.2880 9.01868 9.73511 9.49805 10.2940 8.71252 9.91235 10.1914 9.19983 9.80676 9.12292 9.55957 9.58691 9.08032 9.82129 10.0679 9.47266 9.69946 10.3918 9.56689 9.02856 9.90503 9.72485 10.7979 }
FIBERPARAM 17 r2 55026 70.0000 500 { 6.77948 6.74973 6.72693 6.70813 6.69934 6.68835 6.66602 6.65991 6.66260 6.61914 6.63562 6.62036 6.63110 6.64331 6.62451 6.61401 6.64771 6.65869 6.68677 6.68262 6.66968 6.71509 6.72852 6.76636 6.78076 } { 253.642 9.86926 9.27130 9.34760 13.4222 8.78973 9.29211 10.4817 9.59778 9.73486 9.72632 10.3029 9.59473 8.33765 8.78540 10.8193 8.87109 10.5869 9.61011 9.18311 9.93359 8.80591 8.80493 10.8892 9.34570 }
