typedef struct {
 char cartid[5];
 char camname[3];
 int mjd;
 float xstart_tol;
 int nfiber;
 float fiberspace[25];
 float bundlegap[25];
} FIBERPARAM;

FIBERPARAM FPS-N b1 59538 70.0000 500 { 6.65579 6.61148 6.64227 6.56982 6.55945 6.55359 6.53821 6.53198 6.52710 6.52209 6.54797 6.51831 6.50610 6.51611 6.50537 6.52246 6.52246 6.52954 6.53491 6.56934 6.54907 6.57983 6.57837 6.65259 6.63184 } { 288.671 9.76547 9.40869 10.0430 9.26398 10.0341 9.25842 10.3507 9.15295 9.48083 9.46082 10.3241 8.50183 9.85864 9.60938 9.78247 9.13916 9.81030 9.59863 9.01562 10.3821 8.86548 10.1887 8.87988 9.88892 }
FIBERPARAM FPS-S b1 59538 70.0000 500 { 6.59329 6.62387 6.59888 6.58685 6.56384 6.55444 6.57117 6.55701 6.55359 6.56946 6.55042 6.54980 6.54004 6.52905 6.56201 6.55127 6.53467 6.58228 6.54248 6.58130 6.60059 6.62329 6.59009 6.62622 6.64551 } { 288.542 9.11679 8.97058 10.1835 9.95197 10.1038 8.57812 11.7018 8.72559 9.48779 10.1554 8.65771 8.28125 9.56128 9.97729 8.63110 10.8601 8.67505 9.71753 9.12720 10.8999 8.76465 8.59180 9.79077 9.84521 }
FIBERPARAM FPS-N r1 59538 70.0000 500 { 6.72119 6.69040 6.68768 6.63068 6.59973 6.60083 6.56653 6.56287 6.55579 6.54895 6.56226 6.52454 6.53540 6.53833 6.51978 6.54614 6.55420 6.56299 6.58130 6.61084 6.58911 6.63306 6.65405 6.65747 6.69238 } { 286.546 9.78778 9.44177 10.1203 9.36053 10.0930 9.34534 10.3949 9.20764 9.49402 9.48645 10.3561 8.50891 9.87988 9.66260 9.79688 9.16748 9.83447 9.65942 9.11523 10.3359 8.89355 10.3201 9.00732 10.0234 }
FIBERPARAM FPS-S r1 59538 70.0000 500 { 6.71158 6.73529 6.67230 6.65729 6.61401 6.60632 6.62524 6.58154 6.56702 6.60535 6.57947 6.60596 6.56860 6.56519 6.58252 6.57104 6.56055 6.59473 6.57031 6.62769 6.64429 6.65991 6.66846 6.69922 6.71948 } { 277.489 9.23059 9.08179 10.3096 10.0327 10.1427 8.64978 11.8560 8.73022 9.48523 10.1633 8.68872 8.34290 9.58203 9.95166 8.67017 10.9583 8.73535 9.77393 9.19800 11.0061 8.79639 8.74902 9.84717 10.0381 }
