Plate  MJD    Fib   z        
-----  -----  ----  ---------
  306  51690    1    0.105700
  306  51690    2    0.038072
  306  51690    3    0.214478
  306  51690    5    0.149393
  306  51690    7    0.179883
  306  51690    8    0.090122
  306  51690    9    0.081034
  306  51690   10    0.037511
  306  51690   11    0.180721
  306  51690   12    0.107524
  306  51690   13    0.243873
  306  51690   14    0.256568
  306  51690   15    0.215002
  306  51690   16    0.281772
  306  51690   17    0.107173
  306  51690   19    0.106112
  306  51690   22    0.140459
  306  51690   23    0.134761
  306  51690   25    0.105161
  306  51690   26    0.081737
  306  51690   27    0.036760
  306  51690   28    0.122044
  306  51690   30    0.081941
  306  51690   31    0.105162
  306  51690   32    0.136627
  306  51690   33    0.460158
  306  51690   35    0.285066
  306  51690   36    0.037948
  306  51690   37    0.105294
  306  51690   38    0.137097
  306  51690   39    0.081616
  306  51690   40    0.105770
  306  51690   41    0.088668
  306  51690   42    0.224545
  306  51690   44    0.228228
  306  51690   45    0.025172
  306  51690   46    0.179834
  306  51690   49    0.244531
  306  51690   50    0.130862
  306  51690   51    0.162490
  306  51690   52    0.218597
  306  51690   55    0.218773
  306  51690   56    0.047574
  306  51690   57    0.106089
  306  51690   58    0.218805
  306  51690   59    0.461134
  306  51690   60    0.387098
  306  51690   61    0.325977
  306  51690   62    0.106631
  306  51690   63    0.107072
  306  51690   65    0.106832
  306  51690   66    0.287679
  306  51690   67    0.080680
  306  51690   68    0.218465
  306  51690   69    0.105443
  306  51690   70    0.106736
  306  51690   71    0.136830
  306  51690   72    0.139392
  306  51690   73    0.029019
  306  51690   74    0.092601
  306  51690   75    0.134799
  306  51690   77    0.218010
  306  51690   78    0.056616
  306  51690   79    0.137899
  306  51690   80    0.139639
  306  51690   81    0.029478
  306  51690   82    0.013522
  306  51690   83    0.080653
  306  51690   84    0.081472
  306  51690   85    0.228471
  306  51690   86    0.056017
  306  51690   87    0.055434
  306  51690   88    0.055563
  306  51690   89    0.055774
  306  51690   90    0.132408
  306  51690   91    0.326154
  306  51690   92    0.133475
  306  51690   94    0.147862
  306  51690   95    0.163074
  306  51690   96    0.088770
  306  51690   97    0.055318
  306  51690   98    0.081840
  306  51690   99    0.130576
  306  51690  100    0.248888
  306  51690  101    0.137303
  306  51690  102    0.106514
  306  51690  103    0.105998
  306  51690  104    0.129053
  306  51690  105    0.105700
  306  51690  106    0.220820
  306  51690  108    0.106739
  306  51690  112    0.161411
  306  51690  113    0.005764
  306  51690  115    0.210711
  306  51690  116    0.122913
  306  51690  118    0.151644
  306  51690  119    0.122314
  306  51690  120    0.138951
  306  51690  121    0.121472
  306  51690  122    0.121532
  306  51690  123    0.115984
  306  51690  125    0.262608
  306  51690  126    0.054404
  306  51690  130    0.136811
  306  51690  131    0.121733
  306  51690  132    0.216743
  306  51690  136    0.150530
  306  51690  137    0.054465
  306  51690  140    0.054953
  306  51690  141    0.029456
  306  51690  142    0.136792
  306  51690  144    0.122454
  306  51690  145    0.136083
  306  51690  146    0.088556
  306  51690  148    0.055782
  306  51690  149    0.088649
  306  51690  150    0.136816
  306  51690  151    0.083435
  306  51690  152    0.147390
  306  51690  153    0.035635
  306  51690  154    0.401945
  306  51690  155    0.105969
  306  51690  156    0.136394
  306  51690  160    0.103539
  306  51690  161    0.449916
  306  51690  162    0.212096
  306  51690  166    0.217596
  306  51690  167    0.257221
  306  51690  168    0.055101
  306  51690  169    0.104795
  306  51690  172    0.087863
  306  51690  173    0.130568
  306  51690  175    0.104599
  306  51690  176    0.123533
  306  51690  177    0.092754
  306  51690  178    0.088063
  306  51690  179    0.104200
  306  51690  182    0.124420
  306  51690  183    0.135978
  306  51690  184    0.122074
  306  51690  185    0.134515
  306  51690  186    0.093964
  306  51690  190    0.122813
  306  51690  192    0.136606
  306  51690  194    0.092679
  306  51690  195    0.088013
  306  51690  196    0.092536
  306  51690  197    0.087395
  306  51690  198    0.092627
  306  51690  199    0.281111
  306  51690  200    0.219974
  306  51690  201    0.401118
  306  51690  202    0.034890
  306  51690  203    0.082471
  306  51690  204    0.401890
  306  51690  206    0.071984
  306  51690  207    0.401799
  306  51690  208    0.361951
  306  51690  209    0.081891
  306  51690  210    0.402800
  306  51690  212    0.131664
  306  51690  214    0.140980
  306  51690  215    0.396381
  306  51690  218    0.258655
  306  51690  219    0.132641
  306  51690  220    0.104071
  306  51690  221    0.123198
  306  51690  222    0.320254
  306  51690  223    0.440033
  306  51690  226    0.131315
  306  51690  227    0.107826
  306  51690  228    0.131914
  306  51690  230    0.131203
  306  51690  231    0.133785
  306  51690  232    0.440340
  306  51690  233    0.136571
  306  51690  234    0.108183
  306  51690  235    0.121937
  306  51690  237    0.030157
  306  51690  238    0.123646
  306  51690  240    0.137331
  306  51690  241    0.330063
  306  51690  242    0.120943
  306  51690  244    0.357349
  306  51690  247    0.072722
  306  51690  248    0.137191
  306  51690  249    0.079679
  306  51690  251    0.123131
  306  51690  252    0.103924
  306  51690  253    0.029639
  306  51690  255    0.402792
  306  51690  256    0.087697
  306  51690  257    0.122855
  306  51690  259    0.082190
  306  51690  262    0.082888
  306  51690  263    0.131347
  306  51690  264    0.029894
  306  51690  267    0.117901
  306  51690  268    0.319834
  306  51690  269    0.220657
  306  51690  270    0.136365
  306  51690  272    0.084981
  306  51690  273    0.085861
  306  51690  275    0.029875
  306  51690  276    0.184248
  306  51690  277    0.157761
  306  51690  278    0.030088
  306  51690  281    0.130416
  306  51690  283    0.131831
  306  51690  284    0.104034
  306  51690  286    0.029894
  306  51690  287    0.030258
  306  51690  288    0.398623
  306  51690  289    0.319410
  306  51690  290    0.133670
  306  51690  291    0.136826
  306  51690  292    0.217914
  306  51690  293    0.073048
  306  51690  294    0.078933
  306  51690  295    0.047828
  306  51690  298    0.072276
  306  51690  299    0.054968
  306  51690  300    0.072833
  306  51690  301    0.159995
  306  51690  304    0.126674
  306  51690  305    0.136019
  306  51690  306    0.335090
  306  51690  309    0.130441
  306  51690  310    0.072971
  306  51690  312    0.283740
  306  51690  313    0.221475
  306  51690  314    0.164543
  306  51690  315    0.079154
  306  51690  316    0.130917
  306  51690  317    0.284481
  306  51690  318    0.104052
  306  51690  319    0.134685
  306  51690  321    0.113546
  306  51690  322    0.319516
  306  51690  323    0.114505
  306  51690  324    0.125590
  306  51690  325    0.110078
  306  51690  326    0.098074
  306  51690  327    0.101075
  306  51690  328    0.025491
  306  51690  329    0.144496
  306  51690  330    0.372875
  306  51690  332    0.123797
  306  51690  334    0.114772
  306  51690  335    0.150191
  306  51690  336    0.101779
  306  51690  337    0.169808
  306  51690  338    0.052125
  306  51690  339    0.161103
  306  51690  341    0.334977
  306  51690  342    0.085163
  306  51690  343    0.056773
  306  51690  344    0.114501
  306  51690  347    0.128729
  306  51690  348    0.135581
  306  51690  349    0.084740
  306  51690  350    0.294875
  306  51690  353    0.023733
  306  51690  354    0.332645
  306  51690  355    0.134662
  306  51690  356    0.084163
  306  51690  358    0.084677
  306  51690  359    0.084376
  306  51690  360    0.229130
  306  51690  361    0.113253
  306  51690  362    0.212051
  306  51690  363    0.151916
  306  51690  364    0.422788
  306  51690  366    0.122929
  306  51690  368    0.121754
  306  51690  369    0.190303
  306  51690  370    0.123297
  306  51690  371    0.123131
  306  51690  372    0.029606
  306  51690  373    0.029446
  306  51690  376    0.479449
  306  51690  377    0.328794
  306  51690  378    0.086419
  306  51690  379    0.323652
  306  51690  380    0.155745
  306  51690  381    0.051020
  306  51690  382    0.053602
  306  51690  383    0.055098
  306  51690  384    0.363731
  306  51690  385    0.055652
  306  51690  386    0.055858
  306  51690  387    0.055638
  306  51690  388    0.102548
  306  51690  390    0.056818
  306  51690  392    0.113983
  306  51690  393    0.129255
  306  51690  394    0.101965
  306  51690  395    0.104368
  306  51690  396    0.137857
  306  51690  397    0.105207
  306  51690  399    0.054381
  306  51690  401    0.132729
  306  51690  403    0.136115
  306  51690  404    0.029908
  306  51690  405    0.025934
  306  51690  406    0.123743
  306  51690  407    0.133166
  306  51690  408    0.030180
  306  51690  409    0.136260
  306  51690  410    0.029872
  306  51690  411    0.132561
  306  51690  412    0.087101
  306  51690  413    0.136809
  306  51690  414    0.150558
  306  51690  415    0.298752
  306  51690  416    0.205309
  306  51690  418    0.068087
  306  51690  419    0.131520
  306  51690  420    0.137346
  306  51690  421    0.055599
  306  51690  422    0.054145
  306  51690  423    0.150905
  306  51690  424    0.147592
  306  51690  425    0.086117
  306  51690  426    0.129730
  306  51690  427    0.136378
  306  51690  428    0.189349
  306  51690  429    0.054691
  306  51690  430    0.055762
  306  51690  431    0.056150
  306  51690  432    0.103146
  306  51690  434    0.086537
  306  51690  436    0.117911
  306  51690  438    0.102839
  306  51690  439    0.054353
  306  51690  440    0.102211
  306  51690  441    0.078053
  306  51690  442    0.080877
  306  51690  443    0.335990
  306  51690  445    0.399381
  306  51690  446    0.117322
  306  51690  449    0.144022
  306  51690  450    0.108595
  306  51690  451    0.029698
  306  51690  453    0.471717
  306  51690  454    0.071225
  306  51690  455    0.222246
  306  51690  456    0.126913
  306  51690  459    0.150040
  306  51690  461    0.094995
  306  51690  462    0.135522
  306  51690  463    0.095041
  306  51690  465    0.299194
  306  51690  466    0.373434
  306  51690  467    0.135294
  306  51690  468    0.136013
  306  51690  469    0.162488
  306  51690  470    0.130382
  306  51690  471    0.130299
  306  51690  472    0.131400
  306  51690  473    0.054697
  306  51690  474    0.055750
  306  51690  475    0.053602
  306  51690  476    0.078879
  306  51690  477    0.035107
  306  51690  479    0.087495
  306  51690  480    0.130392
  306  51690  481    0.129833
  306  51690  485    0.054373
  306  51690  486    0.052361
  306  51690  488    0.034391
  306  51690  489    0.130708
  306  51690  490    0.120710
  306  51690  491    0.289540
  306  51690  492    0.136088
  306  51690  493    0.055361
  306  51690  494    0.099040
  306  51690  496    0.093475
  306  51690  498    0.130146
  306  51690  499    0.404691
  306  51690  501    0.445779
  306  51690  502    0.129934
  306  51690  503    0.054637
  306  51690  504    0.033961
  306  51690  505    0.005130
  306  51690  506    0.121573
  306  51690  507    0.156703
  306  51690  508    0.092750
  306  51690  509    0.025685
  306  51690  510    0.148139
  306  51690  511    0.030847
  306  51690  514    0.071790
  306  51690  516    0.473669
  306  51690  517    0.127999
  306  51690  520    0.034900
  306  51690  521    0.119364
  306  51690  522    0.068320
  306  51690  526    0.126358
  306  51690  527    0.150181
  306  51690  528    0.108414
  306  51690  529    0.137482
  306  51690  530    0.114276
  306  51690  532    0.077739
  306  51690  533    0.078427
  306  51690  534    0.155917
  306  51690  535    0.033997
  306  51690  536    0.150537
  306  51690  537    0.124056
  306  51690  538    0.136555
  306  51690  540    0.175222
  306  51690  541    0.431328
  306  51690  542    0.124665
  306  51690  543    0.125676
  306  51690  545    0.077940
  306  51690  546    0.078603
  306  51690  547    0.456154
  306  51690  548    0.154854
  306  51690  551    0.079350
  306  51690  552    0.119084
  306  51690  553    0.028713
  306  51690  554    0.118389
  306  51690  556    0.432898
  306  51690  557    0.078030
  306  51690  559    0.128166
  306  51690  560    0.052044
  306  51690  562    0.339461
  306  51690  563    0.069596
  306  51690  564    0.118994
  306  51690  565    0.114285
  306  51690  566    0.137242
  306  51690  567    0.093258
  306  51690  568    0.078648
  306  51690  569    0.030119
  306  51690  570    0.050261
  306  51690  571    0.119463
  306  51690  572    0.128020
  306  51690  573    0.119503
  306  51690  574    0.093779
  306  51690  575    0.115306
  306  51690  576    0.115494
  306  51690  577    0.132574
  306  51690  578    0.127211
  306  51690  580    0.115167
  306  51690  581    0.030337
  306  51690  582    0.029753
  306  51690  583    0.279339
  306  51690  584    0.222076
  306  51690  585    0.030395
  306  51690  586    0.118300
  306  51690  587    0.078273
  306  51690  588    0.117109
  306  51690  589    0.035076
  306  51690  591    0.136745
  306  51690  592    0.034374
  306  51690  594    0.120385
  306  51690  596    0.127509
  306  51690  598    0.056236
  306  51690  599    0.026363
  306  51690  600    0.121428
  306  51690  602    0.077905
  306  51690  603    0.124523
  306  51690  605    0.124650
  306  51690  606    0.137115
  306  51690  607    0.118504
  306  51690  608    0.077790
  306  51690  610    0.126188
  306  51690  611    0.127911
  306  51690  612    0.029878
  306  51690  613    0.137425
  306  51690  614    0.128046
  306  51690  615    0.118391
  306  51690  617    0.135794
  306  51690  618    0.128400
  306  51690  619    0.125892
  306  51690  620    0.120244
  306  51690  621    0.136535
  306  51690  622    0.029382
  306  51690  623    0.029142
  306  51690  624    0.149424
  306  51690  625    0.105007
  306  51690  626    0.105316
  306  51690  627    0.139995
  306  51690  630    0.209966
  306  51690  631    0.136665
  306  51690  634    0.108063
  306  51690  635    0.108536
  306  51690  638    0.123335
  306  51690  640    0.055821
