# lam 1.00000
#  1.00000
3701.100 0.50569 1.00000
3701.960 0.49348 1.00000
3702.810 0.47927 1.00000
3703.660 0.45651 1.00000
3704.510 0.43118 1.00000
3705.370 0.40997 1.00000
3706.220 0.40110 1.00000
3707.070 0.39514 1.00000
3707.930 0.39395 1.00000
3708.780 0.40382 1.00000
3709.640 0.41580 1.00000
3710.490 0.43156 1.00000
3711.350 0.45465 1.00000
3712.200 0.47337 1.00000
3713.050 0.49559 1.00000
3713.910 0.50932 1.00000
3714.770 0.51647 1.00000
3715.620 0.51635 1.00000
3716.480 0.50485 1.00000
3717.330 0.48965 1.00000
3718.190 0.46019 1.00000
3719.040 0.43170 1.00000
3719.900 0.40926 1.00000
3720.760 0.38557 1.00000
3721.610 0.37877 1.00000
3722.470 0.39381 1.00000
3723.330 0.43215 1.00000
3724.190 0.48367 1.00000
3725.040 0.54295 1.00000
3725.900 0.59251 1.00000
3726.760 0.61247 1.00000
3727.620 0.62954 1.00000
3728.480 0.63246 1.00000
3729.330 0.60238 1.00000
3730.190 0.54947 1.00000
3731.050 0.49534 1.00000
3731.910 0.45569 1.00000
3732.770 0.41128 1.00000
3733.630 0.36895 1.00000
3734.490 0.33918 1.00000
3735.350 0.31743 1.00000
3736.210 0.31642 1.00000
3737.070 0.32302 1.00000
3737.930 0.34117 1.00000
3738.790 0.37146 1.00000
3739.650 0.39952 1.00000
3740.510 0.41821 1.00000
3741.380 0.42845 1.00000
3742.240 0.43062 1.00000
3743.100 0.41893 1.00000
3743.960 0.40296 1.00000
3744.820 0.38411 1.00000
3745.690 0.36503 1.00000
3746.550 0.34731 1.00000
3747.410 0.33339 1.00000
3748.270 0.32761 1.00000
3749.140 0.32495 1.00000
3750.000 0.33064 1.00000
3750.860 0.34512 1.00000
3751.730 0.37701 1.00000
3752.590 0.40774 1.00000
3753.460 0.43866 1.00000
3754.320 0.46219 1.00000
3755.190 0.47346 1.00000
3756.050 0.48086 1.00000
3756.910 0.46991 1.00000
3757.780 0.45366 1.00000
3758.650 0.43297 1.00000
3759.510 0.42414 1.00000
3760.380 0.42712 1.00000
3761.240 0.42858 1.00000
3762.110 0.43238 1.00000
3762.980 0.43388 1.00000
3763.840 0.44006 1.00000
3764.710 0.44116 1.00000
3765.580 0.43669 1.00000
3766.440 0.43513 1.00000
3767.310 0.43308 1.00000
3768.180 0.43250 1.00000
3769.050 0.43352 1.00000
3769.910 0.43811 1.00000
3770.780 0.45220 1.00000
3771.650 0.46193 1.00000
3772.520 0.47167 1.00000
3773.390 0.48425 1.00000
3774.260 0.49800 1.00000
3775.130 0.50517 1.00000
3775.990 0.51128 1.00000
3776.860 0.52218 1.00000
3777.730 0.53127 1.00000
3778.600 0.53839 1.00000
3779.470 0.54772 1.00000
3780.340 0.55906 1.00000
3781.210 0.56649 1.00000
3782.090 0.57209 1.00000
3782.960 0.57583 1.00000
3783.830 0.56899 1.00000
3784.700 0.55637 1.00000
3785.570 0.53978 1.00000
3786.440 0.52306 1.00000
3787.310 0.50065 1.00000
3788.190 0.48228 1.00000
3789.060 0.46764 1.00000
3789.930 0.45986 1.00000
3790.800 0.45907 1.00000
3791.680 0.45597 1.00000
3792.550 0.45474 1.00000
3793.420 0.44308 1.00000
3794.300 0.43099 1.00000
3795.170 0.41619 1.00000
3796.050 0.40523 1.00000
3796.920 0.39665 1.00000
3797.790 0.38946 1.00000
3798.670 0.38643 1.00000
3799.540 0.39473 1.00000
3800.420 0.41096 1.00000
3801.290 0.43835 1.00000
3802.170 0.46371 1.00000
3803.040 0.48185 1.00000
3803.920 0.50089 1.00000
3804.800 0.50852 1.00000
3805.670 0.51286 1.00000
3806.550 0.50931 1.00000
3807.420 0.50575 1.00000
3808.300 0.50835 1.00000
3809.180 0.51541 1.00000
3810.060 0.52259 1.00000
3810.930 0.52315 1.00000
3811.810 0.51885 1.00000
3812.690 0.50294 1.00000
3813.570 0.48298 1.00000
3814.440 0.46353 1.00000
3815.320 0.44824 1.00000
3816.200 0.43510 1.00000
3817.080 0.42799 1.00000
3817.960 0.42915 1.00000
3818.840 0.42171 1.00000
3819.720 0.41192 1.00000
3820.600 0.40281 1.00000
3821.480 0.39696 1.00000
3822.360 0.39598 1.00000
3823.240 0.39220 1.00000
3824.120 0.38353 1.00000
3825.000 0.37105 1.00000
3825.880 0.36087 1.00000
3826.760 0.35173 1.00000
3827.640 0.34272 1.00000
3828.520 0.34081 1.00000
3829.410 0.33866 1.00000
3830.290 0.33562 1.00000
3831.170 0.32868 1.00000
3832.050 0.32163 1.00000
3832.930 0.31124 1.00000
3833.820 0.30320 1.00000
3834.700 0.30108 1.00000
3835.580 0.30048 1.00000
3836.470 0.30139 1.00000
3837.350 0.30731 1.00000
3838.230 0.30810 1.00000
3839.120 0.31282 1.00000
3840.000 0.32390 1.00000
3840.890 0.34035 1.00000
3841.770 0.36409 1.00000
3842.650 0.38452 1.00000
3843.540 0.40871 1.00000
3844.420 0.42667 1.00000
3845.310 0.43740 1.00000
3846.200 0.44574 1.00000
3847.080 0.45220 1.00000
3847.970 0.45442 1.00000
3848.850 0.45557 1.00000
3849.740 0.45143 1.00000
3850.630 0.45024 1.00000
3851.510 0.45367 1.00000
3852.400 0.45479 1.00000
3853.290 0.45426 1.00000
3854.170 0.45091 1.00000
3855.060 0.44327 1.00000
3855.950 0.43753 1.00000
3856.840 0.42894 1.00000
3857.730 0.41890 1.00000
3858.610 0.41419 1.00000
3859.500 0.40787 1.00000
3860.390 0.40637 1.00000
3861.280 0.41895 1.00000
3862.170 0.43678 1.00000
3863.060 0.45441 1.00000
3863.950 0.47137 1.00000
3864.840 0.47694 1.00000
3865.730 0.48397 1.00000
3866.620 0.49057 1.00000
3867.510 0.49259 1.00000
3868.400 0.49230 1.00000
3869.290 0.48428 1.00000
3870.180 0.47036 1.00000
3871.070 0.45659 1.00000
3871.960 0.44555 1.00000
3872.860 0.43903 1.00000
3873.750 0.44132 1.00000
3874.640 0.45212 1.00000
3875.530 0.46063 1.00000
3876.420 0.46240 1.00000
3877.320 0.46036 1.00000
3878.210 0.44773 1.00000
3879.100 0.43813 1.00000
3880.000 0.43445 1.00000
3880.890 0.43282 1.00000
3881.780 0.43052 1.00000
3882.680 0.43347 1.00000
3883.570 0.43468 1.00000
3884.470 0.43125 1.00000
3885.360 0.42659 1.00000
3886.260 0.42028 1.00000
3887.150 0.41753 1.00000
3888.050 0.41623 1.00000
3888.940 0.42213 1.00000
3889.840 0.42891 1.00000
3890.730 0.44640 1.00000
3891.630 0.47191 1.00000
3892.520 0.49386 1.00000
3893.420 0.50859 1.00000
3894.320 0.51714 1.00000
3895.210 0.52301 1.00000
3896.110 0.52818 1.00000
3897.010 0.53576 1.00000
3897.910 0.53811 1.00000
3898.800 0.53718 1.00000
3899.700 0.53710 1.00000
3900.600 0.53707 1.00000
3901.500 0.53878 1.00000
3902.400 0.53676 1.00000
3903.290 0.52969 1.00000
3904.190 0.52528 1.00000
3905.090 0.52251 1.00000
3905.990 0.52308 1.00000
3906.890 0.53134 1.00000
3907.790 0.54752 1.00000
3908.690 0.56487 1.00000
3909.590 0.57997 1.00000
3910.490 0.59434 1.00000
3911.390 0.60511 1.00000
3912.290 0.61178 1.00000
3913.190 0.61489 1.00000
3914.090 0.61301 1.00000
3915.000 0.60679 1.00000
3915.900 0.59852 1.00000
3916.800 0.59149 1.00000
3917.700 0.58205 1.00000
3918.600 0.56538 1.00000
3919.510 0.54903 1.00000
3920.410 0.53617 1.00000
3921.310 0.52227 1.00000
3922.210 0.51230 1.00000
3923.120 0.50881 1.00000
3924.020 0.50429 1.00000
3924.920 0.49668 1.00000
3925.830 0.48051 1.00000
3926.730 0.45764 1.00000
3927.640 0.42955 1.00000
3928.540 0.39537 1.00000
3929.450 0.35717 1.00000
3930.350 0.31961 1.00000
3931.260 0.28716 1.00000
3932.160 0.25726 1.00000
3933.070 0.23513 1.00000
3933.970 0.22252 1.00000
3934.880 0.22722 1.00000
3935.780 0.24693 1.00000
3936.690 0.27213 1.00000
3937.600 0.30581 1.00000
3938.500 0.34405 1.00000
3939.410 0.37621 1.00000
3940.320 0.40612 1.00000
3941.230 0.42571 1.00000
3942.130 0.44267 1.00000
3943.040 0.45225 1.00000
3943.950 0.46414 1.00000
3944.860 0.47772 1.00000
3945.770 0.49367 1.00000
3946.670 0.51693 1.00000
3947.580 0.53576 1.00000
3948.490 0.55020 1.00000
3949.400 0.56337 1.00000
3950.310 0.57914 1.00000
3951.220 0.59129 1.00000
3952.130 0.59221 1.00000
3953.040 0.59810 1.00000
3953.950 0.59961 1.00000
3954.860 0.59451 1.00000
3955.770 0.59208 1.00000
3956.680 0.58483 1.00000
3957.600 0.57186 1.00000
3958.510 0.56062 1.00000
3959.420 0.54511 1.00000
3960.330 0.51737 1.00000
3961.240 0.48855 1.00000
3962.150 0.45303 1.00000
3963.070 0.41779 1.00000
3963.980 0.38795 1.00000
3964.890 0.35878 1.00000
3965.800 0.32981 1.00000
3966.720 0.30143 1.00000
3967.630 0.27668 1.00000
3968.550 0.26134 1.00000
3969.460 0.25425 1.00000
3970.370 0.26491 1.00000
3971.290 0.28939 1.00000
3972.200 0.31363 1.00000
3973.120 0.35408 1.00000
3974.030 0.39687 1.00000
3974.950 0.43589 1.00000
3975.860 0.47640 1.00000
3976.780 0.51621 1.00000
3977.690 0.55186 1.00000
3978.610 0.58208 1.00000
3979.530 0.61110 1.00000
3980.440 0.63287 1.00000
3981.360 0.64299 1.00000
3982.280 0.65117 1.00000
3983.190 0.65429 1.00000
3984.110 0.65898 1.00000
3985.030 0.66948 1.00000
3985.950 0.67308 1.00000
3986.860 0.68469 1.00000
3987.780 0.68925 1.00000
3988.700 0.69901 1.00000
3989.620 0.71241 1.00000
3990.540 0.71527 1.00000
3991.460 0.72008 1.00000
3992.380 0.72749 1.00000
3993.290 0.73254 1.00000
3994.210 0.73208 1.00000
3995.130 0.72883 1.00000
3996.050 0.72335 1.00000
3996.970 0.71835 1.00000
3997.890 0.71738 1.00000
3998.820 0.72816 1.00000
3999.740 0.74089 1.00000
4000.660 0.75570 1.00000
4001.580 0.76592 1.00000
4002.500 0.77079 1.00000
4003.420 0.76685 1.00000
4004.340 0.75412 1.00000
4005.270 0.74111 1.00000
4006.190 0.72852 1.00000
4007.110 0.73151 1.00000
4008.030 0.74298 1.00000
4008.960 0.75691 1.00000
4009.880 0.76946 1.00000
4010.800 0.78215 1.00000
4011.730 0.79015 1.00000
4012.650 0.79574 1.00000
4013.570 0.80140 1.00000
4014.500 0.80118 1.00000
4015.420 0.80290 1.00000
4016.350 0.80644 1.00000
4017.270 0.80899 1.00000
4018.200 0.80622 1.00000
4019.120 0.80811 1.00000
4020.050 0.80901 1.00000
4020.970 0.80802 1.00000
4021.900 0.80575 1.00000
4022.830 0.80426 1.00000
4023.750 0.79875 1.00000
4024.680 0.79524 1.00000
4025.610 0.79810 1.00000
4026.530 0.80265 1.00000
4027.460 0.80371 1.00000
4028.390 0.80129 1.00000
4029.320 0.78842 1.00000
4030.240 0.76621 1.00000
4031.170 0.74147 1.00000
4032.100 0.71846 1.00000
4033.030 0.70859 1.00000
4033.960 0.70768 1.00000
4034.890 0.72259 1.00000
4035.820 0.74703 1.00000
4036.750 0.77162 1.00000
4037.670 0.79683 1.00000
4038.600 0.81476 1.00000
4039.530 0.82099 1.00000
4040.470 0.81959 1.00000
4041.400 0.81009 1.00000
4042.330 0.79435 1.00000
4043.260 0.77403 1.00000
4044.190 0.74271 1.00000
4045.120 0.71438 1.00000
4046.050 0.70080 1.00000
4046.980 0.70295 1.00000
4047.910 0.72242 1.00000
4048.850 0.75037 1.00000
4049.780 0.77650 1.00000
4050.710 0.79587 1.00000
4051.640 0.80257 1.00000
4052.580 0.79806 1.00000
4053.510 0.78898 1.00000
4054.440 0.77845 1.00000
4055.380 0.76473 1.00000
4056.310 0.75149 1.00000
4057.250 0.74119 1.00000
4058.180 0.73915 1.00000
4059.110 0.74047 1.00000
4060.050 0.74331 1.00000
4060.980 0.74429 1.00000
4061.920 0.73837 1.00000
4062.860 0.72405 1.00000
4063.790 0.71196 1.00000
4064.730 0.70668 1.00000
4065.660 0.71079 1.00000
4066.600 0.72683 1.00000
4067.540 0.74323 1.00000
4068.470 0.75841 1.00000
4069.410 0.76704 1.00000
4070.350 0.76854 1.00000
4071.280 0.76429 1.00000
4072.220 0.75793 1.00000
4073.160 0.75144 1.00000
4074.100 0.74861 1.00000
4075.040 0.74578 1.00000
4075.970 0.73539 1.00000
4076.910 0.72547 1.00000
4077.850 0.72149 1.00000
4078.790 0.72737 1.00000
4079.730 0.74534 1.00000
4080.670 0.76807 1.00000
4081.610 0.78408 1.00000
4082.550 0.79789 1.00000
4083.490 0.80222 1.00000
4084.430 0.79983 1.00000
4085.370 0.80468 1.00000
4086.310 0.81088 1.00000
4087.250 0.82557 1.00000
4088.190 0.83766 1.00000
4089.130 0.84695 1.00000
4090.080 0.85062 1.00000
4091.020 0.84574 1.00000
4091.960 0.83450 1.00000
4092.900 0.81819 1.00000
4093.840 0.80397 1.00000
4094.790 0.78640 1.00000
4095.730 0.76708 1.00000
4096.670 0.74160 1.00000
4097.620 0.72124 1.00000
4098.560 0.69985 1.00000
4099.500 0.68548 1.00000
4100.450 0.67128 1.00000
4101.390 0.65685 1.00000
4102.340 0.64868 1.00000
4103.280 0.64908 1.00000
4104.230 0.66545 1.00000
4105.170 0.69135 1.00000
4106.120 0.71650 1.00000
4107.060 0.73685 1.00000
4108.010 0.75172 1.00000
4108.950 0.76113 1.00000
4109.900 0.76216 1.00000
4110.850 0.76256 1.00000
4111.790 0.76586 1.00000
4112.740 0.77370 1.00000
4113.690 0.78155 1.00000
4114.640 0.79328 1.00000
4115.580 0.80434 1.00000
4116.530 0.80593 1.00000
4117.480 0.80233 1.00000
4118.430 0.79552 1.00000
4119.380 0.78922 1.00000
4120.320 0.78217 1.00000
4121.270 0.78230 1.00000
4122.220 0.78313 1.00000
4123.170 0.78826 1.00000
4124.120 0.79405 1.00000
4125.070 0.79363 1.00000
4126.020 0.79554 1.00000
4126.970 0.79428 1.00000
4127.920 0.78679 1.00000
4128.870 0.77442 1.00000
4129.820 0.76546 1.00000
4130.770 0.75504 1.00000
4131.720 0.74404 1.00000
4132.680 0.73722 1.00000
4133.630 0.73900 1.00000
4134.580 0.74734 1.00000
4135.530 0.76222 1.00000
4136.480 0.78055 1.00000
4137.440 0.79501 1.00000
4138.390 0.80619 1.00000
4139.340 0.80961 1.00000
4140.300 0.80320 1.00000
4141.250 0.79029 1.00000
4142.200 0.76934 1.00000
4143.160 0.74580 1.00000
4144.110 0.72995 1.00000
4145.070 0.72928 1.00000
4146.020 0.73814 1.00000
4146.970 0.75045 1.00000
4147.930 0.76057 1.00000
4148.880 0.76063 1.00000
4149.840 0.75941 1.00000
4150.800 0.75560 1.00000
4151.750 0.74913 1.00000
4152.710 0.74666 1.00000
4153.660 0.74279 1.00000
4154.620 0.73964 1.00000
4155.580 0.73915 1.00000
4156.530 0.74312 1.00000
4157.490 0.75265 1.00000
4158.450 0.76370 1.00000
4159.410 0.77933 1.00000
4160.360 0.79270 1.00000
4161.320 0.80278 1.00000
4162.280 0.81208 1.00000
4163.240 0.81605 1.00000
4164.200 0.81378 1.00000
4165.160 0.80566 1.00000
4166.120 0.79691 1.00000
4167.080 0.78916 1.00000
4168.030 0.77935 1.00000
4168.990 0.77481 1.00000
4169.950 0.77003 1.00000
4170.920 0.76208 1.00000
4171.880 0.74683 1.00000
4172.840 0.73135 1.00000
4173.800 0.72265 1.00000
4174.760 0.72414 1.00000
4175.720 0.72625 1.00000
4176.680 0.72930 1.00000
4177.640 0.73728 1.00000
4178.610 0.74206 1.00000
4179.570 0.74759 1.00000
4180.530 0.75444 1.00000
4181.490 0.75957 1.00000
4182.460 0.76288 1.00000
4183.420 0.76772 1.00000
4184.380 0.77297 1.00000
4185.350 0.77804 1.00000
4186.310 0.77931 1.00000
4187.270 0.77800 1.00000
4188.240 0.77594 1.00000
4189.200 0.77860 1.00000
4190.170 0.78411 1.00000
4191.130 0.79050 1.00000
4192.100 0.79923 1.00000
4193.060 0.80114 1.00000
4194.030 0.79831 1.00000
4194.990 0.79040 1.00000
4195.960 0.77431 1.00000
4196.930 0.75809 1.00000
4197.890 0.74292 1.00000
4198.860 0.73432 1.00000
4199.830 0.73253 1.00000
4200.790 0.73320 1.00000
4201.760 0.73978 1.00000
4202.730 0.74933 1.00000
4203.700 0.76099 1.00000
4204.660 0.77682 1.00000
4205.630 0.79564 1.00000
4206.600 0.81025 1.00000
4207.570 0.82438 1.00000
4208.540 0.83314 1.00000
4209.510 0.83513 1.00000
4210.480 0.83168 1.00000
4211.450 0.82877 1.00000
4212.420 0.82473 1.00000
4213.390 0.81824 1.00000
4214.360 0.80762 1.00000
4215.330 0.79837 1.00000
4216.300 0.79848 1.00000
4217.270 0.81092 1.00000
4218.240 0.82823 1.00000
4219.210 0.84684 1.00000
4220.180 0.85477 1.00000
4221.160 0.85522 1.00000
4222.130 0.83955 1.00000
4223.100 0.80730 1.00000
4224.070 0.76837 1.00000
4225.050 0.72259 1.00000
4226.020 0.68578 1.00000
4226.990 0.66846 1.00000
4227.960 0.67344 1.00000
4228.940 0.70261 1.00000
4229.910 0.74277 1.00000
4230.890 0.78021 1.00000
4231.860 0.80540 1.00000
4232.840 0.81449 1.00000
4233.810 0.81523 1.00000
4234.780 0.80812 1.00000
4235.760 0.79942 1.00000
4236.740 0.79828 1.00000
4237.710 0.79877 1.00000
4238.690 0.80207 1.00000
4239.660 0.81229 1.00000
4240.640 0.82586 1.00000
4241.620 0.84045 1.00000
4242.590 0.85807 1.00000
4243.570 0.87118 1.00000
4244.550 0.88010 1.00000
4245.520 0.87982 1.00000
4246.500 0.87034 1.00000
4247.480 0.85446 1.00000
4248.460 0.83226 1.00000
4249.440 0.81173 1.00000
4250.420 0.79856 1.00000
4251.390 0.79004 1.00000
4252.370 0.79048 1.00000
4253.350 0.79522 1.00000
4254.330 0.79776 1.00000
4255.310 0.80025 1.00000
4256.290 0.80657 1.00000
4257.270 0.81463 1.00000
4258.250 0.81384 1.00000
4259.230 0.80562 1.00000
4260.210 0.79802 1.00000
4261.190 0.79853 1.00000
4262.180 0.81301 1.00000
4263.160 0.83523 1.00000
4264.140 0.85960 1.00000
4265.120 0.87794 1.00000
4266.100 0.88332 1.00000
4267.090 0.87594 1.00000
4268.070 0.85574 1.00000
4269.050 0.82384 1.00000
4270.030 0.78897 1.00000
4271.020 0.75726 1.00000
4272.000 0.73045 1.00000
4272.980 0.71894 1.00000
4273.970 0.71798 1.00000
4274.950 0.73295 1.00000
4275.940 0.75503 1.00000
4276.920 0.78409 1.00000
4277.910 0.80706 1.00000
4278.890 0.82547 1.00000
4279.880 0.83336 1.00000
4280.860 0.83011 1.00000
4281.850 0.82591 1.00000
4282.840 0.82042 1.00000
4283.820 0.81714 1.00000
4284.810 0.80999 1.00000
4285.790 0.80001 1.00000
4286.780 0.78439 1.00000
4287.770 0.77114 1.00000
4288.760 0.75522 1.00000
4289.740 0.74131 1.00000
4290.730 0.73566 1.00000
4291.720 0.73940 1.00000
4292.710 0.75166 1.00000
4293.700 0.76167 1.00000
4294.690 0.76554 1.00000
4295.670 0.75865 1.00000
4296.660 0.74222 1.00000
4297.650 0.71777 1.00000
4298.640 0.68698 1.00000
4299.630 0.65671 1.00000
4300.620 0.63346 1.00000
4301.610 0.62170 1.00000
4302.600 0.61686 1.00000
4303.590 0.61568 1.00000
4304.590 0.61616 1.00000
4305.580 0.61432 1.00000
4306.570 0.60506 1.00000
4307.560 0.59721 1.00000
4308.550 0.59445 1.00000
4309.540 0.60100 1.00000
4310.540 0.61919 1.00000
4311.530 0.65028 1.00000
4312.520 0.68739 1.00000
4313.520 0.73173 1.00000
4314.510 0.78195 1.00000
4315.500 0.83197 1.00000
4316.500 0.88045 1.00000
4317.490 0.92146 1.00000
4318.480 0.94522 1.00000
4319.480 0.94899 1.00000
4320.470 0.93423 1.00000
4321.470 0.90838 1.00000
4322.460 0.87249 1.00000
4323.460 0.83094 1.00000
4324.450 0.79645 1.00000
4325.450 0.77186 1.00000
4326.450 0.77080 1.00000
4327.440 0.79619 1.00000
4328.440 0.82915 1.00000
4329.440 0.87045 1.00000
4330.430 0.90175 1.00000
4331.430 0.91819 1.00000
4332.430 0.92983 1.00000
4333.430 0.93293 1.00000
4334.420 0.93238 1.00000
4335.420 0.91833 1.00000
4336.420 0.89114 1.00000
4337.420 0.85676 1.00000
4338.420 0.82248 1.00000
4339.420 0.79646 1.00000
4340.420 0.77707 1.00000
4341.420 0.76842 1.00000
4342.420 0.77298 1.00000
4343.420 0.79636 1.00000
4344.420 0.82844 1.00000
4345.420 0.85724 1.00000
4346.420 0.88234 1.00000
4347.420 0.90279 1.00000
4348.420 0.91491 1.00000
4349.420 0.91760 1.00000
4350.420 0.90437 1.00000
4351.420 0.88480 1.00000
4352.430 0.86571 1.00000
4353.430 0.85633 1.00000
4354.430 0.86028 1.00000
4355.430 0.87576 1.00000
4356.440 0.89550 1.00000
4357.440 0.90670 1.00000
4358.440 0.92073 1.00000
4359.450 0.92887 1.00000
4360.450 0.94034 1.00000
4361.450 0.95219 1.00000
4362.460 0.96528 1.00000
4363.460 0.97670 1.00000
4364.470 0.98425 1.00000
4365.470 0.98643 1.00000
4366.480 0.98168 1.00000
4367.480 0.96644 1.00000
4368.490 0.94941 1.00000
4369.500 0.93652 1.00000
4370.500 0.92845 1.00000
4371.510 0.91978 1.00000
4372.520 0.90860 1.00000
4373.520 0.89758 1.00000
4374.530 0.88205 1.00000
4375.540 0.87652 1.00000
4376.540 0.87926 1.00000
4377.550 0.88897 1.00000
4378.560 0.89829 1.00000
4379.570 0.89471 1.00000
4380.580 0.87889 1.00000
4381.590 0.85084 1.00000
4382.600 0.81293 1.00000
4383.600 0.77538 1.00000
4384.610 0.75661 1.00000
4385.620 0.76002 1.00000
4386.630 0.78091 1.00000
4387.640 0.80662 1.00000
4388.650 0.82890 1.00000
4389.660 0.84616 1.00000
4390.680 0.85738 1.00000
4391.690 0.86636 1.00000
4392.700 0.87651 1.00000
4393.710 0.88577 1.00000
4394.720 0.89648 1.00000
4395.730 0.90782 1.00000
4396.750 0.92287 1.00000
4397.760 0.93568 1.00000
4398.770 0.93933 1.00000
4399.780 0.93454 1.00000
4400.800 0.91984 1.00000
4401.810 0.90566 1.00000
4402.820 0.88883 1.00000
4403.840 0.86941 1.00000
4404.850 0.85359 1.00000
4405.870 0.84495 1.00000
4406.880 0.84899 1.00000
4407.900 0.86423 1.00000
4408.910 0.88840 1.00000
4409.930 0.91609 1.00000
4410.940 0.94276 1.00000
4411.960 0.96341 1.00000
4412.970 0.97072 1.00000
4413.990 0.96415 1.00000
4415.010 0.95021 1.00000
4416.020 0.93941 1.00000
4417.040 0.94326 1.00000
4418.060 0.95826 1.00000
4419.070 0.97315 1.00000
4420.090 0.98638 1.00000
4421.110 0.99024 1.00000
4422.130 0.98452 1.00000
4423.150 0.97707 1.00000
4424.170 0.97072 1.00000
4425.180 0.97171 1.00000
4426.200 0.97330 1.00000
4427.220 0.97487 1.00000
4428.240 0.97959 1.00000
4429.260 0.97859 1.00000
4430.280 0.97612 1.00000
4431.300 0.96944 1.00000
4432.320 0.96339 1.00000
4433.340 0.95345 1.00000
4434.360 0.94489 1.00000
4435.390 0.94095 1.00000
4436.410 0.94627 1.00000
4437.430 0.96594 1.00000
4438.450 0.98727 1.00000
4439.470 0.99917 1.00000
4440.490 1.00342 1.00000
4441.520 0.99803 1.00000
4442.540 0.98932 1.00000
4443.560 0.98556 1.00000
4444.590 0.99544 1.00000
4445.610 1.01094 1.00000
4446.630 1.02757 1.00000
4447.660 1.03925 1.00000
4448.680 1.04557 1.00000
4449.710 1.04444 1.00000
4450.730 1.03618 1.00000
4451.760 1.02180 1.00000
4452.780 1.00284 1.00000
4453.810 0.97905 1.00000
4454.830 0.95346 1.00000
4455.860 0.93378 1.00000
4456.880 0.91891 1.00000
4457.910 0.91161 1.00000
4458.940 0.91093 1.00000
4459.960 0.90809 1.00000
4460.990 0.90885 1.00000
4462.020 0.91832 1.00000
4463.050 0.93203 1.00000
4464.070 0.94831 1.00000
4465.100 0.96699 1.00000
4466.130 0.97634 1.00000
4467.160 0.98237 1.00000
4468.190 0.98661 1.00000
4469.220 0.98980 1.00000
4470.250 0.99490 1.00000
4471.270 1.00885 1.00000
4472.300 1.02579 1.00000
4473.330 1.04533 1.00000
4474.360 1.06113 1.00000
4475.390 1.07500 1.00000
4476.430 1.08339 1.00000
4477.460 1.08510 1.00000
4478.490 1.07535 1.00000
4479.520 1.06184 1.00000
4480.550 1.04217 1.00000
4481.580 1.02483 1.00000
4482.610 1.02239 1.00000
4483.650 1.03423 1.00000
4484.680 1.05172 1.00000
4485.710 1.07085 1.00000
4486.740 1.07843 1.00000
4487.780 1.07437 1.00000
4488.810 1.06240 1.00000
4489.850 1.04746 1.00000
4490.880 1.03784 1.00000
4491.910 1.03343 1.00000
4492.950 1.02858 1.00000
4493.980 1.02437 1.00000
4495.020 1.01943 1.00000
4496.050 1.01959 1.00000
4497.090 1.02588 1.00000
4498.120 1.03841 1.00000
4499.160 1.05673 1.00000
4500.200 1.07196 1.00000
4501.230 1.08510 1.00000
4502.270 1.09714 1.00000
4503.300 1.11540 1.00000
4504.340 1.13357 1.00000
4505.380 1.14549 1.00000
4506.420 1.15170 1.00000
4507.450 1.14894 1.00000
4508.490 1.14242 1.00000
4509.530 1.14107 1.00000
4510.570 1.13719 1.00000
4511.610 1.12606 1.00000
4512.650 1.11613 1.00000
4513.690 1.10520 1.00000
4514.730 1.09171 1.00000
4515.770 1.08448 1.00000
4516.810 1.08319 1.00000
4517.850 1.08644 1.00000
4518.890 1.09039 1.00000
4519.930 1.09543 1.00000
4520.970 1.09918 1.00000
4522.010 1.09763 1.00000
4523.050 1.08581 1.00000
4524.090 1.06721 1.00000
4525.130 1.04678 1.00000
4526.180 1.01962 1.00000
4527.220 0.99266 1.00000
4528.260 0.97431 1.00000
4529.300 0.96151 1.00000
4530.350 0.95703 1.00000
4531.390 0.96134 1.00000
4532.430 0.96713 1.00000
4533.480 0.97335 1.00000
4534.520 0.98058 1.00000
4535.560 0.99338 1.00000
4536.610 1.01087 1.00000
4537.650 1.03763 1.00000
4538.700 1.06017 1.00000
4539.740 1.07331 1.00000
4540.790 1.07577 1.00000
4541.830 1.07584 1.00000
4542.880 1.07414 1.00000
4543.930 1.07163 1.00000
4544.970 1.06566 1.00000
4546.020 1.06142 1.00000
4547.070 1.05312 1.00000
4548.110 1.04587 1.00000
4549.160 1.04152 1.00000
4550.210 1.03450 1.00000
4551.260 1.03653 1.00000
4552.300 1.03837 1.00000
4553.350 1.04287 1.00000
4554.400 1.05204 1.00000
4555.450 1.06119 1.00000
4556.500 1.07669 1.00000
4557.550 1.09792 1.00000
4558.600 1.11397 1.00000
4559.650 1.12795 1.00000
4560.700 1.13788 1.00000
4561.750 1.13614 1.00000
4562.800 1.12880 1.00000
4563.850 1.11675 1.00000
4564.900 1.10429 1.00000
4565.950 1.10211 1.00000
4567.000 1.10910 1.00000
4568.060 1.11436 1.00000
4569.110 1.12146 1.00000
4570.160 1.12595 1.00000
4571.210 1.12147 1.00000
4572.260 1.11713 1.00000
4573.320 1.11901 1.00000
4574.370 1.12392 1.00000
4575.420 1.12530 1.00000
4576.480 1.12321 1.00000
4577.530 1.11514 1.00000
4578.590 1.10192 1.00000
4579.640 1.08624 1.00000
4580.690 1.07336 1.00000
4581.750 1.06403 1.00000
4582.800 1.06159 1.00000
4583.860 1.06184 1.00000
4584.920 1.06524 1.00000
4585.970 1.07110 1.00000
4587.030 1.08119 1.00000
4588.080 1.09170 1.00000
4589.140 1.10222 1.00000
4590.200 1.10622 1.00000
4591.250 1.10312 1.00000
4592.310 1.09552 1.00000
4593.370 1.08533 1.00000
4594.430 1.07643 1.00000
4595.480 1.07397 1.00000
4596.540 1.07261 1.00000
4597.600 1.07173 1.00000
4598.660 1.07553 1.00000
4599.720 1.07682 1.00000
4600.780 1.07885 1.00000
4601.840 1.08020 1.00000
4602.900 1.08319 1.00000
4603.960 1.09046 1.00000
4605.020 1.09425 1.00000
4606.080 1.10619 1.00000
4607.140 1.11960 1.00000
4608.200 1.13586 1.00000
4609.260 1.15166 1.00000
4610.320 1.16139 1.00000
4611.380 1.16398 1.00000
4612.450 1.16055 1.00000
4613.510 1.15845 1.00000
4614.570 1.15531 1.00000
4615.630 1.15900 1.00000
4616.700 1.16158 1.00000
4617.760 1.16330 1.00000
4618.820 1.16349 1.00000
4619.890 1.15899 1.00000
4620.950 1.16061 1.00000
4622.020 1.16317 1.00000
4623.080 1.16328 1.00000
4624.140 1.16158 1.00000
4625.210 1.15999 1.00000
4626.270 1.15680 1.00000
4627.340 1.15734 1.00000
4628.400 1.15651 1.00000
4629.470 1.15262 1.00000
4630.540 1.15223 1.00000
4631.600 1.15033 1.00000
4632.670 1.14719 1.00000
4633.740 1.13760 1.00000
4634.800 1.12629 1.00000
4635.870 1.11788 1.00000
4636.940 1.10774 1.00000
4638.010 1.09655 1.00000
4639.070 1.08794 1.00000
4640.140 1.08382 1.00000
4641.210 1.08194 1.00000
4642.280 1.08355 1.00000
4643.350 1.08514 1.00000
4644.420 1.07689 1.00000
4645.490 1.06100 1.00000
4646.560 1.04578 1.00000
4647.630 1.04019 1.00000
4648.700 1.03908 1.00000
4649.770 1.04931 1.00000
4650.840 1.06299 1.00000
4651.910 1.07690 1.00000
4652.980 1.08589 1.00000
4654.050 1.09040 1.00000
4655.130 1.09122 1.00000
4656.200 1.09381 1.00000
4657.270 1.10326 1.00000
4658.340 1.11601 1.00000
4659.410 1.12940 1.00000
4660.490 1.14013 1.00000
4661.560 1.13662 1.00000
4662.630 1.12166 1.00000
4663.710 1.09862 1.00000
4664.780 1.07204 1.00000
4665.860 1.04829 1.00000
4666.930 1.02637 1.00000
4668.010 1.01130 1.00000
4669.080 1.00960 1.00000
4670.160 1.01999 1.00000
4671.230 1.03905 1.00000
4672.310 1.05844 1.00000
4673.380 1.06994 1.00000
4674.460 1.08161 1.00000
4675.540 1.08932 1.00000
4676.610 1.08826 1.00000
4677.690 1.08638 1.00000
4678.770 1.08055 1.00000
4679.840 1.07132 1.00000
4680.920 1.06814 1.00000
4682.000 1.06779 1.00000
4683.080 1.07199 1.00000
4684.160 1.07884 1.00000
4685.230 1.08559 1.00000
4686.310 1.09233 1.00000
4687.390 1.09296 1.00000
4688.470 1.09115 1.00000
4689.550 1.08831 1.00000
4690.630 1.08715 1.00000
4691.710 1.08356 1.00000
4692.790 1.08649 1.00000
4693.870 1.08623 1.00000
4694.950 1.08934 1.00000
4696.040 1.09199 1.00000
4697.120 1.08740 1.00000
4698.200 1.07788 1.00000
4699.280 1.06634 1.00000
4700.360 1.05466 1.00000
4701.440 1.04489 1.00000
4702.530 1.04038 1.00000
4703.610 1.03763 1.00000
4704.690 1.03926 1.00000
4705.780 1.04182 1.00000
4706.860 1.04801 1.00000
4707.940 1.04927 1.00000
4709.030 1.05230 1.00000
4710.110 1.05855 1.00000
4711.200 1.06724 1.00000
4712.280 1.07575 1.00000
4713.370 1.08042 1.00000
4714.450 1.08273 1.00000
4715.540 1.09078 1.00000
4716.630 1.10412 1.00000
4717.710 1.11626 1.00000
4718.800 1.13628 1.00000
4719.880 1.15109 1.00000
4720.970 1.15766 1.00000
4722.060 1.16032 1.00000
4723.150 1.16089 1.00000
4724.230 1.15521 1.00000
4725.320 1.14652 1.00000
4726.410 1.13303 1.00000
4727.500 1.11128 1.00000
4728.590 1.09005 1.00000
4729.680 1.07500 1.00000
4730.760 1.06673 1.00000
4731.850 1.06761 1.00000
4732.940 1.07427 1.00000
4734.030 1.08345 1.00000
4735.120 1.09121 1.00000
4736.210 1.10047 1.00000
4737.310 1.10908 1.00000
4738.400 1.11614 1.00000
4739.490 1.12644 1.00000
4740.580 1.13503 1.00000
4741.670 1.14077 1.00000
4742.760 1.14495 1.00000
4743.850 1.15061 1.00000
4744.950 1.15737 1.00000
4746.040 1.16075 1.00000
4747.130 1.16533 1.00000
4748.230 1.16874 1.00000
4749.320 1.16859 1.00000
4750.410 1.16508 1.00000
4751.510 1.16063 1.00000
4752.600 1.15324 1.00000
4753.700 1.14299 1.00000
4754.790 1.13235 1.00000
4755.890 1.12874 1.00000
4756.980 1.12789 1.00000
4758.080 1.12760 1.00000
4759.170 1.12886 1.00000
4760.270 1.12540 1.00000
4761.360 1.11924 1.00000
4762.460 1.10723 1.00000
4763.560 1.09060 1.00000
4764.650 1.07925 1.00000
4765.750 1.07356 1.00000
4766.850 1.07196 1.00000
4767.950 1.08042 1.00000
4769.040 1.09322 1.00000
4770.140 1.10753 1.00000
4771.240 1.11833 1.00000
4772.340 1.12549 1.00000
4773.440 1.13446 1.00000
4774.540 1.14467 1.00000
4775.640 1.15245 1.00000
4776.740 1.15854 1.00000
4777.840 1.15893 1.00000
4778.940 1.15794 1.00000
4780.040 1.14960 1.00000
4781.140 1.14315 1.00000
4782.240 1.13485 1.00000
4783.340 1.12114 1.00000
4784.440 1.11477 1.00000
4785.540 1.10978 1.00000
4786.650 1.10838 1.00000
4787.750 1.10745 1.00000
4788.850 1.10898 1.00000
4789.950 1.11591 1.00000
4791.060 1.12308 1.00000
4792.160 1.13743 1.00000
4793.260 1.15209 1.00000
4794.370 1.16746 1.00000
4795.470 1.17884 1.00000
4796.580 1.17901 1.00000
4797.680 1.17545 1.00000
4798.790 1.16703 1.00000
4799.890 1.15896 1.00000
4801.000 1.15723 1.00000
4802.100 1.15816 1.00000
4803.210 1.16311 1.00000
4804.310 1.16136 1.00000
4805.420 1.15563 1.00000
4806.530 1.14781 1.00000
4807.630 1.13896 1.00000
4808.740 1.13639 1.00000
4809.850 1.13764 1.00000
4810.960 1.13787 1.00000
4812.060 1.14545 1.00000
4813.170 1.15286 1.00000
4814.280 1.15825 1.00000
4815.390 1.16364 1.00000
4816.500 1.17054 1.00000
4817.610 1.17929 1.00000
4818.720 1.18435 1.00000
4819.830 1.18564 1.00000
4820.940 1.17873 1.00000
4822.050 1.16832 1.00000
4823.160 1.15569 1.00000
4824.270 1.14585 1.00000
4825.380 1.13785 1.00000
4826.490 1.13766 1.00000
4827.600 1.13921 1.00000
4828.710 1.13689 1.00000
4829.820 1.13459 1.00000
4830.940 1.13072 1.00000
4832.050 1.12690 1.00000
4833.160 1.12697 1.00000
4834.270 1.12916 1.00000
4835.390 1.13198 1.00000
4836.500 1.13264 1.00000
4837.620 1.13275 1.00000
4838.730 1.12728 1.00000
4839.840 1.12015 1.00000
4840.960 1.11302 1.00000
4842.070 1.10813 1.00000
4843.190 1.10986 1.00000
4844.300 1.11578 1.00000
4845.420 1.12273 1.00000
4846.530 1.12577 1.00000
4847.650 1.12596 1.00000
4848.770 1.12150 1.00000
4849.880 1.11882 1.00000
4851.000 1.11353 1.00000
4852.120 1.10624 1.00000
4853.240 1.09523 1.00000
4854.350 1.07940 1.00000
4855.470 1.05857 1.00000
4856.590 1.04120 1.00000
4857.710 1.03190 1.00000
4858.830 1.02570 1.00000
4859.940 1.02385 1.00000
4861.060 1.01569 1.00000
4862.180 0.98923 1.00000
4863.300 0.96449 1.00000
4864.420 0.96832 1.00000
4865.540 0.99139 1.00000
4866.660 1.01127 1.00000
4867.780 1.02310 1.00000
4868.910 1.02901 1.00000
4870.030 1.02930 1.00000
4871.150 1.02325 1.00000
4872.270 1.01962 1.00000
4873.390 1.02546 1.00000
4874.510 1.03704 1.00000
4875.640 1.05549 1.00000
4876.760 1.06997 1.00000
4877.880 1.08670 1.00000
4879.010 1.09902 1.00000
4880.130 1.10695 1.00000
4881.250 1.10890 1.00000
4882.380 1.10325 1.00000
4883.500 1.09528 1.00000
4884.630 1.08638 1.00000
4885.750 1.07697 1.00000
4886.880 1.06318 1.00000
4888.000 1.05810 1.00000
4889.130 1.05572 1.00000
4890.250 1.05270 1.00000
4891.380 1.05709 1.00000
4892.510 1.07131 1.00000
4893.630 1.09884 1.00000
4894.760 1.13200 1.00000
4895.890 1.15878 1.00000
4897.010 1.17636 1.00000
4898.140 1.18165 1.00000
4899.270 1.17831 1.00000
4900.400 1.16910 1.00000
4901.530 1.16121 1.00000
4902.660 1.15605 1.00000
4903.780 1.15281 1.00000
4904.910 1.15109 1.00000
4906.040 1.15192 1.00000
4907.170 1.15361 1.00000
4908.300 1.14662 1.00000
4909.430 1.13475 1.00000
4910.560 1.12523 1.00000
4911.690 1.12034 1.00000
4912.830 1.12406 1.00000
4913.960 1.12776 1.00000
4915.090 1.13241 1.00000
4916.220 1.12807 1.00000
4917.350 1.11376 1.00000
4918.480 1.08593 1.00000
4919.620 1.05871 1.00000
4920.750 1.03937 1.00000
4921.880 1.03574 1.00000
4923.020 1.04756 1.00000
4924.150 1.06501 1.00000
4925.280 1.08816 1.00000
4926.420 1.11119 1.00000
4927.550 1.13467 1.00000
4928.690 1.15476 1.00000
4929.820 1.17064 1.00000
4930.960 1.17593 1.00000
4932.090 1.16963 1.00000
4933.230 1.15768 1.00000
4934.370 1.14323 1.00000
4935.500 1.12730 1.00000
4936.640 1.11744 1.00000
4937.780 1.10553 1.00000
4938.910 1.09724 1.00000
4940.050 1.10151 1.00000
4941.190 1.11494 1.00000
4942.330 1.13544 1.00000
4943.460 1.15663 1.00000
4944.600 1.17285 1.00000
4945.740 1.18353 1.00000
4946.880 1.19126 1.00000
4948.020 1.19484 1.00000
4949.160 1.20242 1.00000
4950.300 1.20670 1.00000
4951.440 1.20415 1.00000
4952.580 1.19916 1.00000
4953.720 1.18804 1.00000
4954.860 1.17311 1.00000
4956.000 1.15784 1.00000
4957.140 1.14975 1.00000
4958.280 1.14833 1.00000
4959.430 1.14508 1.00000
4960.570 1.14395 1.00000
4961.710 1.15017 1.00000
4962.850 1.15706 1.00000
4964.000 1.15652 1.00000
4965.140 1.14513 1.00000
4966.280 1.13030 1.00000
4967.430 1.11762 1.00000
4968.570 1.11446 1.00000
4969.710 1.11754 1.00000
4970.860 1.12358 1.00000
4972.000 1.13147 1.00000
4973.150 1.14059 1.00000
4974.290 1.14830 1.00000
4975.440 1.14866 1.00000
4976.580 1.14032 1.00000
4977.730 1.12635 1.00000
4978.880 1.10893 1.00000
4980.020 1.08302 1.00000
4981.170 1.06178 1.00000
4982.320 1.04275 1.00000
4983.460 1.02916 1.00000
4984.610 1.02868 1.00000
4985.760 1.03924 1.00000
4986.910 1.05769 1.00000
4988.060 1.07778 1.00000
4989.210 1.09294 1.00000
4990.350 1.10260 1.00000
4991.500 1.10537 1.00000
4992.650 1.10850 1.00000
4993.800 1.11249 1.00000
4994.950 1.11332 1.00000
4996.100 1.11217 1.00000
4997.250 1.11243 1.00000
4998.400 1.10655 1.00000
4999.550 1.09768 1.00000
5000.710 1.09020 1.00000
5001.860 1.09074 1.00000
5003.010 1.10301 1.00000
5004.160 1.12897 1.00000
5005.310 1.16904 1.00000
5006.470 1.19095 1.00000
5007.620 1.18464 1.00000
5008.770 1.12384 1.00000
5009.930 1.11046 1.00000
5011.080 1.11229 1.00000
5012.230 1.09367 1.00000
5013.390 1.05798 1.00000
5014.540 1.03134 1.00000
5015.700 1.01704 1.00000
5016.850 1.01344 1.00000
5018.010 1.01847 1.00000
5019.160 1.01997 1.00000
5020.320 1.02470 1.00000
5021.480 1.03331 1.00000
5022.630 1.03952 1.00000
5023.790 1.04591 1.00000
5024.950 1.05299 1.00000
5026.100 1.06007 1.00000
5027.260 1.06494 1.00000
5028.420 1.07230 1.00000
5029.580 1.07996 1.00000
5030.730 1.09223 1.00000
5031.890 1.10303 1.00000
5033.050 1.10958 1.00000
5034.210 1.10803 1.00000
5035.370 1.09541 1.00000
5036.530 1.07780 1.00000
5037.690 1.05706 1.00000
5038.850 1.03772 1.00000
5040.010 1.01785 1.00000
5041.170 1.00955 1.00000
5042.330 1.01329 1.00000
5043.490 1.03055 1.00000
5044.650 1.05830 1.00000
5045.820 1.08203 1.00000
5046.980 1.09445 1.00000
5048.140 1.09363 1.00000
5049.300 1.08633 1.00000
5050.460 1.07767 1.00000
5051.630 1.07252 1.00000
5052.790 1.07731 1.00000
5053.950 1.08907 1.00000
5055.120 1.10366 1.00000
5056.280 1.11952 1.00000
5057.450 1.12956 1.00000
5058.610 1.13688 1.00000
5059.780 1.14483 1.00000
5060.940 1.14692 1.00000
5062.110 1.14039 1.00000
5063.270 1.13082 1.00000
5064.440 1.11516 1.00000
5065.610 1.09494 1.00000
5066.770 1.08066 1.00000
5067.940 1.07665 1.00000
5069.110 1.07288 1.00000
5070.270 1.07497 1.00000
5071.440 1.07906 1.00000
5072.610 1.07991 1.00000
5073.780 1.07828 1.00000
5074.950 1.07692 1.00000
5076.110 1.07566 1.00000
5077.280 1.06670 1.00000
5078.450 1.05390 1.00000
5079.620 1.03810 1.00000
5080.790 1.02370 1.00000
5081.960 1.01793 1.00000
5083.130 1.02226 1.00000
5084.300 1.03423 1.00000
5085.470 1.04716 1.00000
5086.640 1.06408 1.00000
5087.820 1.07848 1.00000
5088.990 1.09103 1.00000
5090.160 1.09892 1.00000
5091.330 1.10599 1.00000
5092.500 1.11453 1.00000
5093.680 1.11345 1.00000
5094.850 1.10881 1.00000
5096.020 1.09699 1.00000
5097.200 1.07901 1.00000
5098.370 1.06222 1.00000
5099.540 1.04882 1.00000
5100.720 1.04870 1.00000
5101.890 1.05448 1.00000
5103.070 1.05922 1.00000
5104.240 1.06279 1.00000
5105.420 1.06093 1.00000
5106.590 1.05582 1.00000
5107.770 1.04973 1.00000
5108.950 1.04544 1.00000
5110.120 1.04944 1.00000
5111.300 1.05312 1.00000
5112.480 1.06366 1.00000
5113.650 1.07932 1.00000
5114.830 1.09078 1.00000
5116.010 1.10251 1.00000
5117.190 1.11065 1.00000
5118.370 1.11260 1.00000
5119.540 1.10827 1.00000
5120.720 1.09496 1.00000
5121.900 1.07846 1.00000
5123.080 1.05667 1.00000
5124.260 1.03877 1.00000
5125.440 1.02464 1.00000
5126.620 1.01539 1.00000
5127.800 1.01362 1.00000
5128.980 1.01765 1.00000
5130.170 1.02181 1.00000
5131.350 1.03596 1.00000
5132.530 1.04574 1.00000
5133.710 1.05792 1.00000
5134.890 1.06726 1.00000
5136.070 1.06951 1.00000
5137.260 1.06721 1.00000
5138.440 1.05672 1.00000
5139.620 1.04504 1.00000
5140.810 1.03961 1.00000
5141.990 1.03729 1.00000
5143.180 1.03399 1.00000
5144.360 1.02950 1.00000
5145.540 1.02822 1.00000
5146.730 1.02530 1.00000
5147.910 1.02381 1.00000
5149.100 1.02472 1.00000
5150.290 1.02327 1.00000
5151.470 1.02195 1.00000
5152.660 1.02419 1.00000
5153.840 1.02633 1.00000
5155.030 1.03571 1.00000
5156.220 1.05008 1.00000
5157.410 1.06215 1.00000
5158.590 1.07423 1.00000
5159.780 1.07871 1.00000
5160.970 1.07155 1.00000
5162.160 1.05357 1.00000
5163.350 1.02592 1.00000
5164.540 0.98702 1.00000
5165.730 0.94080 1.00000
5166.920 0.89441 1.00000
5168.110 0.85591 1.00000
5169.300 0.83297 1.00000
5170.490 0.82340 1.00000
5171.680 0.82283 1.00000
5172.870 0.82618 1.00000
5174.060 0.84212 1.00000
5175.250 0.87641 1.00000
5176.440 0.91230 1.00000
5177.630 0.94310 1.00000
5178.830 0.95921 1.00000
5180.020 0.95532 1.00000
5181.210 0.93778 1.00000
5182.400 0.91009 1.00000
5183.600 0.88324 1.00000
5184.790 0.87576 1.00000
5185.990 0.89686 1.00000
5187.180 0.93350 1.00000
5188.370 0.97153 1.00000
5189.570 1.00266 1.00000
5190.760 1.01907 1.00000
5191.960 1.02365 1.00000
5193.160 1.02477 1.00000
5194.350 1.02814 1.00000
5195.550 1.03795 1.00000
5196.740 1.05333 1.00000
5197.940 1.06908 1.00000
5199.140 1.08416 1.00000
5200.340 1.09240 1.00000
5201.530 1.09101 1.00000
5202.730 1.07862 1.00000
5203.930 1.05562 1.00000
5205.130 1.02927 1.00000
5206.330 1.00274 1.00000
5207.520 0.98839 1.00000
5208.720 0.98497 1.00000
5209.920 0.99333 1.00000
5211.120 1.01678 1.00000
5212.320 1.04286 1.00000
5213.520 1.06958 1.00000
5214.720 1.08821 1.00000
5215.930 1.09753 1.00000
5217.130 1.10419 1.00000
5218.330 1.11359 1.00000
5219.530 1.12370 1.00000
5220.730 1.12886 1.00000
5221.930 1.12802 1.00000
5223.140 1.11602 1.00000
5224.340 1.09494 1.00000
5225.540 1.07008 1.00000
5226.750 1.05100 1.00000
5227.950 1.04655 1.00000
5229.150 1.05715 1.00000
5230.360 1.07467 1.00000
5231.560 1.09299 1.00000
5232.770 1.10430 1.00000
5233.970 1.11204 1.00000
5235.180 1.11968 1.00000
5236.380 1.13249 1.00000
5237.590 1.14795 1.00000
5238.790 1.16096 1.00000
5240.000 1.16963 1.00000
5241.210 1.17534 1.00000
5242.410 1.17503 1.00000
5243.620 1.17335 1.00000
5244.830 1.16715 1.00000
5246.040 1.15761 1.00000
5247.250 1.14351 1.00000
5248.450 1.12986 1.00000
5249.660 1.12095 1.00000
5250.870 1.11480 1.00000
5252.080 1.11540 1.00000
5253.290 1.12120 1.00000
5254.500 1.12794 1.00000
5255.710 1.13719 1.00000
5256.920 1.14705 1.00000
5258.130 1.15699 1.00000
5259.340 1.15788 1.00000
5260.550 1.14631 1.00000
5261.760 1.11625 1.00000
5262.980 1.08115 1.00000
5264.190 1.04512 1.00000
5265.400 1.01415 1.00000
5266.610 0.99291 1.00000
5267.830 0.98001 1.00000
5269.040 0.97726 1.00000
5270.250 0.98384 1.00000
5271.470 0.99937 1.00000
5272.680 1.02496 1.00000
5273.890 1.05623 1.00000
5275.110 1.08285 1.00000
5276.320 1.10646 1.00000
5277.540 1.13167 1.00000
5278.750 1.14954 1.00000
5279.970 1.15876 1.00000
5281.180 1.15953 1.00000
5282.400 1.15748 1.00000
5283.620 1.15604 1.00000
5284.830 1.16271 1.00000
5286.050 1.18078 1.00000
5287.270 1.20016 1.00000
5288.490 1.21657 1.00000
5289.700 1.22664 1.00000
5290.920 1.23355 1.00000
5292.140 1.23182 1.00000
5293.360 1.22449 1.00000
5294.580 1.20937 1.00000
5295.800 1.18919 1.00000
5297.020 1.17007 1.00000
5298.240 1.14866 1.00000
5299.460 1.14305 1.00000
5300.680 1.14889 1.00000
5301.900 1.16257 1.00000
5303.120 1.18547 1.00000
5304.340 1.20509 1.00000
5305.560 1.22410 1.00000
5306.780 1.23908 1.00000
5308.010 1.24581 1.00000
5309.230 1.25030 1.00000
5310.450 1.25608 1.00000
5311.670 1.25615 1.00000
5312.900 1.25178 1.00000
5314.120 1.24779 1.00000
5315.340 1.23970 1.00000
5316.570 1.23053 1.00000
5317.790 1.22480 1.00000
5319.020 1.21905 1.00000
5320.240 1.20893 1.00000
5321.470 1.20212 1.00000
5322.690 1.18849 1.00000
5323.920 1.16601 1.00000
5325.140 1.14637 1.00000
5326.370 1.12299 1.00000
5327.600 1.10103 1.00000
5328.820 1.08630 1.00000
5330.050 1.08753 1.00000
5331.280 1.10945 1.00000
5332.510 1.13459 1.00000
5333.730 1.15865 1.00000
5334.960 1.17936 1.00000
5336.190 1.19303 1.00000
5337.420 1.19806 1.00000
5338.650 1.19101 1.00000
5339.880 1.18047 1.00000
5341.110 1.17291 1.00000
5342.340 1.16961 1.00000
5343.570 1.17303 1.00000
5344.800 1.17805 1.00000
5346.030 1.17933 1.00000
5347.260 1.18013 1.00000
5348.490 1.18208 1.00000
5349.720 1.18739 1.00000
5350.960 1.19935 1.00000
5352.190 1.21434 1.00000
5353.420 1.23130 1.00000
5354.650 1.24838 1.00000
5355.890 1.26426 1.00000
5357.120 1.27329 1.00000
5358.350 1.27485 1.00000
5359.590 1.27226 1.00000
5360.820 1.26519 1.00000
5362.060 1.25001 1.00000
5363.290 1.23378 1.00000
5364.530 1.22088 1.00000
5365.760 1.20364 1.00000
5367.000 1.18748 1.00000
5368.230 1.17439 1.00000
5369.470 1.16132 1.00000
5370.710 1.15115 1.00000
5371.940 1.14852 1.00000
5373.180 1.15976 1.00000
5374.420 1.17902 1.00000
5375.650 1.20181 1.00000
5376.890 1.21788 1.00000
5378.130 1.22786 1.00000
5379.370 1.23244 1.00000
5380.610 1.23123 1.00000
5381.850 1.22750 1.00000
5383.090 1.22300 1.00000
5384.330 1.22130 1.00000
5385.570 1.22177 1.00000
5386.810 1.22065 1.00000
5388.050 1.21550 1.00000
5389.290 1.20384 1.00000
5390.530 1.19182 1.00000
5391.770 1.17801 1.00000
5393.010 1.16774 1.00000
5394.250 1.16194 1.00000
5395.500 1.15359 1.00000
5396.740 1.14557 1.00000
5397.980 1.14057 1.00000
5399.220 1.14030 1.00000
5400.470 1.14676 1.00000
5401.710 1.14774 1.00000
5402.950 1.14313 1.00000
5404.200 1.13204 1.00000
5405.440 1.11888 1.00000
5406.690 1.10886 1.00000
5407.930 1.11084 1.00000
5409.180 1.11857 1.00000
5410.420 1.13221 1.00000
5411.670 1.14819 1.00000
5412.920 1.16763 1.00000
5414.160 1.18734 1.00000
5415.410 1.20091 1.00000
5416.660 1.21393 1.00000
5417.900 1.22137 1.00000
5419.150 1.22546 1.00000
5420.400 1.22482 1.00000
5421.650 1.22122 1.00000
5422.900 1.21413 1.00000
5424.150 1.20800 1.00000
5425.390 1.20790 1.00000
5426.640 1.20670 1.00000
5427.890 1.20120 1.00000
5429.140 1.19361 1.00000
5430.390 1.18061 1.00000
5431.640 1.16980 1.00000
5432.900 1.16472 1.00000
5434.150 1.16284 1.00000
5435.400 1.16647 1.00000
5436.650 1.17406 1.00000
5437.900 1.19322 1.00000
5439.150 1.21489 1.00000
5440.410 1.23072 1.00000
5441.660 1.24236 1.00000
5442.910 1.24307 1.00000
5444.170 1.23207 1.00000
5445.420 1.21479 1.00000
5446.670 1.19542 1.00000
5447.930 1.18324 1.00000
5449.180 1.18053 1.00000
5450.440 1.18517 1.00000
5451.690 1.18502 1.00000
5452.950 1.18377 1.00000
5454.200 1.17804 1.00000
5455.460 1.16864 1.00000
5456.720 1.16800 1.00000
5457.970 1.17381 1.00000
5459.230 1.18310 1.00000
5460.490 1.18857 1.00000
5461.740 1.18909 1.00000
5463.000 1.18606 1.00000
5464.260 1.18262 1.00000
5465.520 1.18564 1.00000
5466.780 1.18964 1.00000
5468.040 1.19031 1.00000
5469.300 1.19285 1.00000
5470.550 1.19018 1.00000
5471.810 1.18337 1.00000
5473.070 1.17392 1.00000
5474.330 1.16297 1.00000
5475.600 1.14941 1.00000
5476.860 1.14073 1.00000
5478.120 1.13838 1.00000
5479.380 1.14157 1.00000
5480.640 1.14605 1.00000
5481.900 1.15444 1.00000
5483.170 1.16084 1.00000
5484.430 1.17026 1.00000
5485.690 1.18079 1.00000
5486.950 1.18722 1.00000
5488.220 1.18654 1.00000
5489.480 1.18701 1.00000
5490.750 1.18662 1.00000
5492.010 1.18980 1.00000
5493.280 1.19186 1.00000
5494.540 1.19278 1.00000
5495.810 1.19291 1.00000
5497.070 1.19275 1.00000
5498.340 1.19090 1.00000
5499.600 1.19132 1.00000
5500.870 1.19066 1.00000
5502.140 1.18479 1.00000
5503.400 1.17976 1.00000
5504.670 1.17538 1.00000
5505.940 1.17319 1.00000
5507.210 1.16873 1.00000
5508.470 1.16770 1.00000
5509.740 1.16995 1.00000
5511.010 1.16556 1.00000
5512.280 1.16240 1.00000
5513.550 1.15783 1.00000
5514.820 1.15849 1.00000
5516.090 1.16803 1.00000
5517.360 1.18017 1.00000
5518.630 1.19529 1.00000
5519.900 1.20675 1.00000
5521.170 1.21573 1.00000
5522.440 1.21863 1.00000
5523.720 1.21632 1.00000
5524.990 1.20756 1.00000
5526.260 1.19513 1.00000
5527.530 1.18382 1.00000
5528.810 1.17292 1.00000
5530.080 1.17230 1.00000
5531.350 1.17860 1.00000
5532.630 1.18469 1.00000
5533.900 1.19156 1.00000
5535.170 1.19793 1.00000
5536.450 1.19940 1.00000
5537.720 1.20466 1.00000
5539.000 1.21048 1.00000
5540.280 1.21560 1.00000
5541.550 1.21966 1.00000
5542.830 1.22282 1.00000
5544.100 1.22425 1.00000
5545.380 1.22472 1.00000
5546.660 1.22735 1.00000
5547.930 1.23248 1.00000
5549.210 1.23938 1.00000
5550.490 1.24239 1.00000
5551.770 1.24320 1.00000
5553.050 1.24166 1.00000
5554.330 1.23495 1.00000
5555.600 1.23078 1.00000
5556.880 1.22691 1.00000
5558.160 1.22206 1.00000
5559.440 1.21851 1.00000
5560.720 1.21615 1.00000
5562.000 1.21150 1.00000
5563.290 1.20501 1.00000
5564.570 1.20063 1.00000
5565.850 1.19525 1.00000
5567.130 1.18946 1.00000
5568.410 1.19091 1.00000
5569.690 1.18973 1.00000
5570.980 1.19072 1.00000
5572.260 1.19253 1.00000
5573.540 1.19499 1.00000
5574.830 1.19981 1.00000
5576.110 1.20281 1.00000
5577.390 1.20838 1.00000
5578.680 1.21079 1.00000
5579.960 1.20977 1.00000
5581.250 1.20585 1.00000
5582.530 1.20067 1.00000
5583.820 1.18841 1.00000
5585.110 1.17447 1.00000
5586.390 1.15888 1.00000
5587.680 1.14083 1.00000
5588.960 1.13192 1.00000
5590.250 1.12787 1.00000
5591.540 1.13273 1.00000
5592.830 1.14198 1.00000
5594.110 1.15299 1.00000
5595.400 1.16158 1.00000
5596.690 1.16559 1.00000
5597.980 1.16900 1.00000
5599.270 1.16567 1.00000
5600.560 1.16266 1.00000
5601.850 1.16049 1.00000
5603.140 1.16585 1.00000
5604.430 1.17788 1.00000
5605.720 1.19518 1.00000
5607.010 1.21227 1.00000
5608.300 1.22581 1.00000
5609.590 1.23245 1.00000
5610.880 1.23204 1.00000
5612.180 1.22719 1.00000
5613.470 1.21592 1.00000
5614.760 1.19955 1.00000
5616.050 1.18381 1.00000
5617.350 1.17294 1.00000
5618.640 1.17103 1.00000
5619.940 1.17430 1.00000
5621.230 1.17664 1.00000
5622.520 1.17769 1.00000
5623.820 1.17699 1.00000
5625.110 1.17450 1.00000
5626.410 1.17583 1.00000
5627.710 1.18200 1.00000
5629.000 1.19010 1.00000
5630.300 1.19981 1.00000
5631.590 1.20735 1.00000
5632.890 1.21065 1.00000
5634.190 1.20667 1.00000
5635.490 1.20133 1.00000
5636.780 1.19446 1.00000
5638.080 1.18935 1.00000
5639.380 1.18702 1.00000
5640.680 1.18433 1.00000
5641.980 1.18595 1.00000
5643.280 1.18631 1.00000
5644.580 1.19028 1.00000
5645.880 1.19487 1.00000
5647.180 1.20008 1.00000
5648.480 1.20467 1.00000
5649.780 1.20863 1.00000
5651.080 1.20894 1.00000
5652.380 1.20752 1.00000
5653.680 1.20793 1.00000
5654.980 1.20043 1.00000
5656.290 1.19005 1.00000
5657.590 1.17952 1.00000
5658.890 1.17045 1.00000
5660.190 1.16274 1.00000
5661.500 1.16635 1.00000
5662.800 1.17043 1.00000
5664.110 1.17578 1.00000
5665.410 1.18396 1.00000
5666.710 1.19146 1.00000
5668.020 1.19749 1.00000
5669.320 1.20014 1.00000
5670.630 1.20481 1.00000
5671.940 1.21348 1.00000
5673.240 1.22248 1.00000
5674.550 1.22905 1.00000
5675.860 1.23505 1.00000
5677.160 1.23726 1.00000
5678.470 1.23537 1.00000
5679.780 1.22998 1.00000
5681.090 1.22214 1.00000
5682.390 1.21538 1.00000
5683.700 1.20685 1.00000
5685.010 1.20155 1.00000
5686.320 1.19633 1.00000
5687.630 1.19736 1.00000
5688.940 1.20080 1.00000
5690.250 1.20699 1.00000
5691.560 1.21762 1.00000
5692.870 1.22639 1.00000
5694.180 1.23323 1.00000
5695.490 1.23540 1.00000
5696.800 1.23013 1.00000
5698.120 1.22299 1.00000
5699.430 1.21381 1.00000
5700.740 1.20504 1.00000
5702.050 1.19625 1.00000
5703.370 1.18869 1.00000
5704.680 1.18204 1.00000
5705.990 1.17702 1.00000
5707.310 1.16750 1.00000
5708.620 1.15876 1.00000
5709.940 1.15547 1.00000
5711.250 1.15764 1.00000
5712.570 1.16741 1.00000
5713.880 1.18059 1.00000
5715.200 1.19843 1.00000
5716.520 1.21363 1.00000
5717.830 1.22878 1.00000
5719.150 1.24139 1.00000
5720.470 1.25086 1.00000
5721.780 1.25806 1.00000
5723.100 1.26313 1.00000
5724.420 1.26468 1.00000
5725.740 1.26228 1.00000
5727.050 1.25726 1.00000
5728.370 1.25320 1.00000
5729.690 1.25004 1.00000
5731.010 1.25034 1.00000
5732.330 1.24871 1.00000
5733.650 1.24834 1.00000
5734.970 1.25160 1.00000
5736.290 1.25605 1.00000
5737.610 1.25644 1.00000
5738.940 1.25593 1.00000
5740.260 1.25530 1.00000
5741.580 1.25456 1.00000
5742.900 1.25435 1.00000
5744.220 1.25367 1.00000
5745.550 1.25423 1.00000
5746.870 1.25300 1.00000
5748.190 1.24884 1.00000
5749.520 1.24321 1.00000
5750.840 1.24140 1.00000
5752.170 1.23623 1.00000
5753.490 1.23358 1.00000
5754.810 1.23236 1.00000
5756.140 1.23268 1.00000
5757.470 1.23830 1.00000
5758.790 1.24168 1.00000
5760.120 1.23943 1.00000
5761.440 1.23635 1.00000
5762.770 1.23252 1.00000
5764.100 1.23398 1.00000
5765.430 1.24118 1.00000
5766.750 1.25103 1.00000
5768.080 1.25676 1.00000
5769.410 1.26096 1.00000
5770.740 1.26317 1.00000
5772.070 1.25867 1.00000
5773.400 1.25471 1.00000
5774.730 1.24996 1.00000
5776.060 1.24392 1.00000
5777.390 1.23922 1.00000
5778.720 1.22842 1.00000
5780.050 1.21641 1.00000
5781.380 1.20024 1.00000
5782.710 1.18699 1.00000
5784.040 1.18053 1.00000
5785.370 1.17969 1.00000
5786.710 1.18492 1.00000
5788.040 1.19521 1.00000
5789.370 1.20861 1.00000
5790.700 1.21728 1.00000
5792.040 1.22692 1.00000
5793.370 1.23614 1.00000
5794.710 1.24405 1.00000
5796.040 1.25043 1.00000
5797.370 1.25432 1.00000
5798.710 1.25670 1.00000
5800.040 1.26202 1.00000
5801.380 1.26762 1.00000
5802.720 1.26775 1.00000
5804.050 1.26850 1.00000
5805.390 1.26543 1.00000
5806.730 1.26119 1.00000
5808.060 1.25961 1.00000
5809.400 1.26114 1.00000
5810.740 1.26086 1.00000
5812.080 1.25950 1.00000
5813.420 1.25822 1.00000
5814.750 1.25654 1.00000
5816.090 1.25553 1.00000
5817.430 1.25374 1.00000
5818.770 1.25800 1.00000
5820.110 1.26419 1.00000
5821.450 1.27054 1.00000
5822.790 1.27451 1.00000
5824.130 1.27633 1.00000
5825.480 1.27854 1.00000
5826.820 1.27648 1.00000
5828.160 1.27547 1.00000
5829.500 1.27660 1.00000
5830.840 1.27532 1.00000
5832.190 1.27584 1.00000
5833.530 1.27423 1.00000
5834.870 1.27024 1.00000
5836.220 1.27020 1.00000
5837.560 1.26800 1.00000
5838.900 1.26937 1.00000
5840.250 1.27137 1.00000
5841.590 1.27269 1.00000
5842.940 1.27389 1.00000
5844.280 1.27362 1.00000
5845.630 1.27044 1.00000
5846.980 1.26340 1.00000
5848.320 1.25616 1.00000
5849.670 1.24610 1.00000
5851.020 1.23807 1.00000
5852.360 1.23244 1.00000
5853.710 1.22157 1.00000
5855.060 1.21298 1.00000
5856.410 1.20568 1.00000
5857.760 1.19846 1.00000
5859.110 1.19824 1.00000
5860.460 1.19891 1.00000
5861.800 1.20393 1.00000
5863.150 1.20927 1.00000
5864.500 1.21355 1.00000
5865.860 1.21583 1.00000
5867.210 1.21938 1.00000
5868.560 1.22355 1.00000
5869.910 1.22732 1.00000
5871.260 1.23262 1.00000
5872.610 1.23535 1.00000
5873.960 1.23609 1.00000
5875.320 1.23536 1.00000
5876.670 1.23068 1.00000
5878.020 1.21861 1.00000
5879.380 1.20801 1.00000
5880.730 1.19890 1.00000
5882.090 1.18648 1.00000
5883.440 1.17094 1.00000
5884.800 1.14982 1.00000
5886.150 1.12164 1.00000
5887.510 1.08237 1.00000
5888.860 1.03764 1.00000
5890.220 0.99346 1.00000
5891.570 0.96580 1.00000
5892.930 0.95959 1.00000
5894.290 0.96439 1.00000
5895.650 0.97335 1.00000
5897.000 0.98871 1.00000
5898.360 1.01771 1.00000
5899.720 1.05553 1.00000
5901.080 1.09608 1.00000
5902.440 1.12957 1.00000
5903.800 1.15484 1.00000
5905.160 1.17320 1.00000
5906.520 1.18558 1.00000
5907.880 1.19351 1.00000
5909.240 1.19929 1.00000
5910.600 1.20312 1.00000
5911.960 1.20300 1.00000
5913.320 1.20139 1.00000
5914.680 1.19940 1.00000
5916.040 1.19472 1.00000
5917.410 1.19441 1.00000
5918.770 1.20090 1.00000
5920.130 1.20598 1.00000
5921.490 1.21116 1.00000
5922.860 1.21622 1.00000
5924.220 1.21769 1.00000
5925.590 1.21766 1.00000
5926.950 1.21789 1.00000
5928.320 1.21561 1.00000
5929.680 1.21360 1.00000
5931.050 1.21351 1.00000
5932.410 1.21519 1.00000
5933.780 1.21564 1.00000
5935.150 1.21580 1.00000
5936.510 1.21829 1.00000
5937.880 1.22097 1.00000
5939.250 1.22295 1.00000
5940.610 1.22392 1.00000
5941.980 1.22440 1.00000
5943.350 1.22605 1.00000
5944.720 1.22673 1.00000
5946.090 1.22795 1.00000
5947.460 1.22455 1.00000
5948.830 1.22153 1.00000
5950.200 1.21877 1.00000
5951.570 1.21384 1.00000
5952.940 1.21003 1.00000
5954.310 1.20985 1.00000
5955.680 1.20935 1.00000
5957.050 1.21161 1.00000
5958.420 1.21281 1.00000
5959.800 1.21688 1.00000
5961.170 1.22350 1.00000
5962.540 1.22777 1.00000
5963.910 1.23255 1.00000
5965.290 1.23493 1.00000
5966.660 1.23634 1.00000
5968.030 1.23894 1.00000
5969.410 1.24125 1.00000
5970.780 1.24229 1.00000
5972.160 1.24204 1.00000
5973.530 1.23889 1.00000
5974.910 1.23518 1.00000
5976.290 1.22714 1.00000
5977.660 1.22041 1.00000
5979.040 1.21807 1.00000
5980.420 1.21454 1.00000
5981.790 1.21220 1.00000
5983.170 1.21004 1.00000
5984.550 1.20626 1.00000
5985.930 1.20614 1.00000
5987.300 1.20856 1.00000
5988.680 1.21259 1.00000
5990.060 1.21878 1.00000
5991.440 1.22338 1.00000
5992.820 1.22758 1.00000
5994.200 1.22930 1.00000
5995.580 1.22788 1.00000
5996.960 1.22615 1.00000
5998.340 1.22328 1.00000
5999.730 1.21823 1.00000
6001.110 1.21524 1.00000
6002.490 1.21386 1.00000
6003.870 1.21087 1.00000
6005.250 1.21043 1.00000
6006.640 1.20584 1.00000
6008.020 1.20187 1.00000
6009.400 1.20249 1.00000
6010.790 1.20367 1.00000
6012.170 1.20515 1.00000
6013.560 1.20357 1.00000
6014.940 1.20336 1.00000
6016.330 1.20080 1.00000
6017.710 1.19852 1.00000
6019.100 1.19768 1.00000
6020.480 1.19628 1.00000
6021.870 1.19805 1.00000
6023.260 1.20304 1.00000
6024.640 1.20968 1.00000
6026.030 1.21609 1.00000
6027.420 1.22360 1.00000
6028.810 1.22901 1.00000
6030.190 1.23699 1.00000
6031.580 1.24239 1.00000
6032.970 1.24911 1.00000
6034.360 1.25172 1.00000
6035.750 1.25275 1.00000
6037.140 1.25337 1.00000
6038.530 1.25321 1.00000
6039.920 1.25199 1.00000
6041.310 1.25073 1.00000
6042.700 1.25389 1.00000
6044.100 1.25586 1.00000
6045.490 1.25673 1.00000
6046.880 1.26170 1.00000
6048.270 1.26280 1.00000
6049.670 1.26268 1.00000
6051.060 1.26045 1.00000
6052.450 1.25706 1.00000
6053.850 1.25518 1.00000
6055.240 1.25069 1.00000
6056.630 1.24531 1.00000
6058.030 1.24463 1.00000
6059.420 1.24348 1.00000
6060.820 1.24343 1.00000
6062.220 1.24261 1.00000
6063.610 1.24222 1.00000
6065.010 1.23942 1.00000
6066.400 1.24108 1.00000
6067.800 1.24656 1.00000
6069.200 1.25476 1.00000
6070.600 1.26133 1.00000
6071.990 1.26870 1.00000
6073.390 1.27128 1.00000
6074.790 1.26867 1.00000
6076.190 1.26429 1.00000
6077.590 1.25592 1.00000
6078.990 1.24861 1.00000
6080.390 1.24116 1.00000
6081.790 1.23320 1.00000
6083.190 1.23118 1.00000
6084.590 1.22909 1.00000
6085.990 1.22825 1.00000
6087.390 1.22786 1.00000
6088.790 1.22655 1.00000
6090.200 1.22471 1.00000
6091.600 1.22379 1.00000
6093.000 1.22500 1.00000
6094.410 1.22797 1.00000
6095.810 1.23034 1.00000
6097.210 1.23239 1.00000
6098.620 1.23155 1.00000
6100.020 1.22817 1.00000
6101.430 1.22409 1.00000
6102.830 1.21724 1.00000
6104.240 1.21120 1.00000
6105.640 1.21247 1.00000
6107.050 1.21960 1.00000
6108.450 1.22646 1.00000
6109.860 1.23074 1.00000
6111.270 1.23713 1.00000
6112.680 1.24032 1.00000
6114.080 1.24148 1.00000
6115.490 1.23933 1.00000
6116.900 1.23517 1.00000
6118.310 1.22881 1.00000
6119.720 1.21867 1.00000
6121.130 1.21060 1.00000
6122.540 1.20203 1.00000
6123.950 1.20086 1.00000
6125.360 1.20539 1.00000
6126.770 1.20929 1.00000
6128.180 1.21526 1.00000
6129.590 1.21808 1.00000
6131.000 1.22078 1.00000
6132.410 1.21954 1.00000
6133.820 1.21349 1.00000
6135.240 1.20251 1.00000
6136.650 1.19025 1.00000
6138.060 1.18412 1.00000
6139.480 1.18398 1.00000
6140.890 1.19142 1.00000
6142.300 1.20262 1.00000
6143.720 1.21354 1.00000
6145.130 1.22215 1.00000
6146.550 1.22584 1.00000
6147.960 1.22304 1.00000
6149.380 1.21792 1.00000
6150.800 1.21470 1.00000
6152.210 1.21046 1.00000
6153.630 1.20431 1.00000
6155.050 1.19739 1.00000
6156.460 1.18706 1.00000
6157.880 1.17416 1.00000
6159.300 1.15959 1.00000
6160.720 1.14168 1.00000
6162.140 1.12519 1.00000
6163.560 1.11374 1.00000
6164.980 1.11239 1.00000
6166.400 1.11868 1.00000
6167.820 1.12380 1.00000
6169.240 1.13167 1.00000
6170.660 1.13761 1.00000
6172.080 1.14470 1.00000
6173.500 1.15357 1.00000
6174.920 1.16135 1.00000
6176.340 1.16927 1.00000
6177.760 1.17708 1.00000
6179.190 1.18314 1.00000
6180.610 1.18558 1.00000
6182.030 1.18911 1.00000
6183.460 1.19079 1.00000
6184.880 1.18555 1.00000
6186.310 1.17787 1.00000
6187.730 1.16962 1.00000
6189.150 1.15985 1.00000
6190.580 1.15087 1.00000
6192.010 1.14712 1.00000
6193.430 1.14858 1.00000
6194.860 1.15692 1.00000
6196.280 1.16524 1.00000
6197.710 1.17252 1.00000
6199.140 1.17695 1.00000
6200.570 1.17848 1.00000
6201.990 1.18134 1.00000
6203.420 1.18692 1.00000
6204.850 1.18945 1.00000
6206.280 1.19266 1.00000
6207.710 1.19255 1.00000
6209.140 1.18894 1.00000
6210.570 1.18153 1.00000
6212.000 1.17264 1.00000
6213.430 1.15785 1.00000
6214.860 1.14454 1.00000
6216.290 1.13761 1.00000
6217.720 1.13314 1.00000
6219.150 1.13101 1.00000
6220.590 1.13307 1.00000
6222.020 1.13698 1.00000
6223.450 1.13801 1.00000
6224.890 1.13982 1.00000
6226.320 1.14287 1.00000
6227.750 1.14051 1.00000
6229.190 1.13459 1.00000
6230.620 1.12948 1.00000
6232.060 1.12529 1.00000
6233.490 1.12780 1.00000
6234.930 1.13342 1.00000
6236.360 1.13888 1.00000
6237.800 1.14159 1.00000
6239.240 1.13743 1.00000
6240.670 1.13194 1.00000
6242.110 1.12443 1.00000
6243.550 1.11851 1.00000
6244.980 1.11841 1.00000
6246.420 1.11974 1.00000
6247.860 1.12377 1.00000
6249.300 1.12859 1.00000
6250.740 1.13022 1.00000
6252.180 1.12645 1.00000
6253.620 1.11991 1.00000
6255.060 1.11179 1.00000
6256.500 1.10584 1.00000
6257.940 1.10302 1.00000
6259.380 1.10442 1.00000
6260.820 1.11468 1.00000
6262.260 1.12665 1.00000
6263.710 1.13834 1.00000
6265.150 1.14900 1.00000
6266.590 1.15313 1.00000
6268.030 1.15774 1.00000
6269.480 1.16179 1.00000
6270.920 1.16356 1.00000
6272.370 1.16601 1.00000
6273.810 1.16805 1.00000
6275.250 1.16987 1.00000
6276.700 1.17262 1.00000
6278.150 1.17213 1.00000
6279.590 1.16895 1.00000
6281.040 1.16884 1.00000
6282.480 1.16892 1.00000
6283.930 1.17031 1.00000
6285.380 1.17470 1.00000
6286.820 1.18220 1.00000
6288.270 1.18875 1.00000
6289.720 1.19156 1.00000
6291.170 1.19335 1.00000
6292.620 1.18966 1.00000
6294.070 1.18526 1.00000
6295.520 1.18327 1.00000
6296.970 1.17999 1.00000
6298.420 1.17953 1.00000
6299.870 1.18139 1.00000
6301.320 1.18218 1.00000
6302.770 1.17970 1.00000
6304.220 1.17672 1.00000
6305.670 1.17844 1.00000
6307.120 1.18230 1.00000
6308.580 1.18306 1.00000
6310.030 1.18417 1.00000
6311.480 1.18021 1.00000
6312.940 1.17519 1.00000
6314.390 1.16691 1.00000
6315.840 1.15989 1.00000
6317.300 1.15501 1.00000
6318.750 1.15081 1.00000
6320.210 1.15289 1.00000
6321.660 1.16129 1.00000
6323.120 1.16822 1.00000
6324.580 1.17796 1.00000
6326.030 1.18739 1.00000
6327.490 1.19029 1.00000
6328.950 1.19567 1.00000
6330.400 1.19632 1.00000
6331.860 1.19564 1.00000
6333.320 1.19303 1.00000
6334.780 1.18817 1.00000
6336.240 1.18239 1.00000
6337.700 1.17732 1.00000
6339.150 1.17666 1.00000
6340.610 1.17704 1.00000
6342.070 1.17694 1.00000
6343.540 1.17722 1.00000
6345.000 1.17906 1.00000
6346.460 1.18139 1.00000
6347.920 1.18502 1.00000
6349.380 1.18907 1.00000
6350.840 1.19191 1.00000
6352.310 1.19215 1.00000
6353.770 1.18940 1.00000
6355.230 1.18106 1.00000
6356.690 1.17223 1.00000
6358.160 1.16294 1.00000
6359.620 1.15359 1.00000
6361.090 1.14869 1.00000
6362.550 1.14797 1.00000
6364.020 1.15209 1.00000
6365.480 1.16085 1.00000
6366.950 1.16991 1.00000
6368.410 1.18166 1.00000
6369.880 1.19250 1.00000
6371.350 1.20191 1.00000
6372.820 1.20532 1.00000
6374.280 1.20930 1.00000
6375.750 1.21276 1.00000
6377.220 1.21243 1.00000
6378.690 1.21115 1.00000
6380.160 1.20731 1.00000
6381.630 1.20505 1.00000
6383.100 1.20573 1.00000
6384.570 1.20747 1.00000
6386.040 1.20791 1.00000
6387.510 1.20987 1.00000
6388.980 1.20937 1.00000
6390.450 1.20803 1.00000
6391.920 1.20266 1.00000
6393.390 1.19587 1.00000
6394.860 1.19155 1.00000
6396.340 1.19016 1.00000
6397.810 1.19050 1.00000
6399.280 1.18895 1.00000
6400.760 1.19077 1.00000
6402.230 1.19277 1.00000
6403.710 1.19743 1.00000
6405.180 1.20158 1.00000
6406.660 1.19961 1.00000
6408.130 1.19815 1.00000
6409.610 1.19464 1.00000
6411.080 1.18998 1.00000
6412.560 1.19070 1.00000
6414.040 1.19029 1.00000
6415.510 1.18983 1.00000
6416.990 1.18823 1.00000
6418.470 1.18715 1.00000
6419.950 1.18888 1.00000
6421.420 1.18884 1.00000
6422.900 1.18974 1.00000
6424.380 1.19654 1.00000
6425.860 1.20386 1.00000
6427.340 1.20541 1.00000
6428.820 1.20394 1.00000
6430.300 1.20076 1.00000
6431.780 1.19845 1.00000
6433.260 1.19472 1.00000
6434.750 1.19550 1.00000
6436.230 1.19923 1.00000
6437.710 1.19860 1.00000
6439.190 1.20085 1.00000
6440.670 1.20413 1.00000
6442.160 1.20820 1.00000
6443.640 1.21348 1.00000
6445.130 1.21507 1.00000
6446.610 1.21158 1.00000
6448.090 1.20255 1.00000
6449.580 1.19066 1.00000
6451.060 1.18183 1.00000
6452.550 1.17643 1.00000
6454.040 1.18001 1.00000
6455.520 1.18868 1.00000
6457.010 1.19639 1.00000
6458.500 1.20212 1.00000
6459.980 1.20475 1.00000
6461.470 1.20495 1.00000
6462.960 1.20424 1.00000
6464.450 1.20294 1.00000
6465.940 1.20570 1.00000
6467.420 1.20890 1.00000
6468.910 1.21246 1.00000
6470.400 1.21401 1.00000
6471.890 1.21680 1.00000
6473.380 1.21713 1.00000
6474.870 1.21928 1.00000
6476.370 1.22048 1.00000
6477.860 1.21861 1.00000
6479.350 1.21658 1.00000
6480.840 1.21128 1.00000
6482.330 1.20383 1.00000
6483.830 1.20194 1.00000
6485.320 1.19941 1.00000
6486.810 1.19896 1.00000
6488.310 1.19614 1.00000
6489.800 1.18643 1.00000
6491.300 1.17648 1.00000
6492.790 1.15972 1.00000
6494.290 1.14063 1.00000
6495.780 1.12613 1.00000
6497.280 1.11882 1.00000
6498.770 1.12202 1.00000
6500.270 1.13586 1.00000
6501.770 1.15088 1.00000
6503.260 1.16639 1.00000
6504.760 1.18137 1.00000
6506.260 1.19168 1.00000
6507.760 1.20024 1.00000
6509.260 1.20363 1.00000
6510.750 1.20787 1.00000
6512.250 1.20998 1.00000
6513.750 1.21327 1.00000
6515.250 1.21452 1.00000
6516.750 1.21376 1.00000
6518.260 1.21318 1.00000
6519.760 1.21465 1.00000
6521.260 1.21755 1.00000
6522.760 1.22085 1.00000
6524.260 1.22461 1.00000
6525.760 1.22682 1.00000
6527.270 1.22642 1.00000
6528.770 1.22590 1.00000
6530.270 1.22994 1.00000
6531.780 1.23157 1.00000
6533.280 1.23365 1.00000
6534.790 1.23560 1.00000
6536.290 1.23961 1.00000
6537.800 1.24532 1.00000
6539.300 1.25040 1.00000
6540.810 1.25296 1.00000
6542.310 1.25577 1.00000
6543.820 1.25937 1.00000
6545.330 1.26802 1.00000
6546.830 1.27993 1.00000
6548.340 1.28213 1.00000
6549.850 1.27422 1.00000
6551.360 1.26302 1.00000
6552.870 1.24968 1.00000
6554.380 1.23683 1.00000
6555.890 1.22789 1.00000
6557.400 1.23063 1.00000
6558.910 1.25329 1.00000
6560.420 1.28106 1.00000
6561.930 1.27036 1.00000
6563.440 1.17504 1.00000
6564.950 1.06524 1.00000
6566.460 1.07030 1.00000
6567.970 1.13663 1.00000
6569.490 1.17822 1.00000
6571.000 1.18130 1.00000
6572.510 1.18055 1.00000
6574.020 1.18494 1.00000
6575.540 1.19413 1.00000
6577.050 1.20974 1.00000
6578.570 1.23973 1.00000
6580.080 1.28616 1.00000
6581.600 1.34108 1.00000
6583.110 1.38413 1.00000
6584.630 1.39490 1.00000
6586.150 1.37447 1.00000
6587.660 1.33313 1.00000
6589.180 1.28966 1.00000
6590.700 1.24924 1.00000
6592.210 1.21956 1.00000
6593.730 1.19702 1.00000
6595.250 1.18613 1.00000
6596.770 1.18451 1.00000
6598.290 1.18690 1.00000
6599.810 1.19037 1.00000
6601.330 1.19487 1.00000
6602.850 1.19591 1.00000
6604.370 1.19423 1.00000
6605.890 1.19099 1.00000
6607.410 1.18710 1.00000
6608.930 1.18557 1.00000
6610.450 1.18564 1.00000
6611.980 1.18995 1.00000
6613.500 1.19523 1.00000
6615.020 1.19945 1.00000
6616.550 1.20394 1.00000
6618.070 1.20516 1.00000
6619.590 1.20560 1.00000
6621.120 1.20236 1.00000
6622.640 1.19841 1.00000
6624.170 1.19615 1.00000
6625.690 1.18919 1.00000
6627.220 1.18480 1.00000
6628.750 1.18210 1.00000
6630.270 1.17663 1.00000
6631.800 1.17303 1.00000
6633.330 1.16752 1.00000
6634.850 1.16651 1.00000
6636.380 1.16744 1.00000
6637.910 1.17060 1.00000
6639.440 1.17488 1.00000
6640.970 1.17701 1.00000
6642.500 1.17775 1.00000
6644.030 1.17629 1.00000
6645.560 1.17733 1.00000
6647.090 1.17977 1.00000
6648.620 1.17812 1.00000
6650.150 1.17657 1.00000
6651.680 1.17878 1.00000
6653.210 1.17775 1.00000
6654.740 1.17552 1.00000
6656.280 1.17296 1.00000
6657.810 1.17086 1.00000
6659.340 1.16929 1.00000
6660.880 1.16403 1.00000
6662.410 1.15866 1.00000
6663.940 1.15786 1.00000
6665.480 1.15490 1.00000
6667.010 1.15531 1.00000
6668.550 1.15768 1.00000
6670.080 1.16335 1.00000
6671.620 1.16883 1.00000
6673.160 1.17075 1.00000
6674.690 1.16993 1.00000
6676.230 1.16707 1.00000
6677.770 1.16315 1.00000
6679.310 1.15934 1.00000
6680.840 1.15729 1.00000
6682.380 1.15790 1.00000
6683.920 1.16012 1.00000
6685.460 1.16561 1.00000
6687.000 1.16757 1.00000
6688.540 1.16853 1.00000
6690.080 1.17024 1.00000
6691.620 1.16610 1.00000
6693.160 1.16513 1.00000
6694.700 1.16432 1.00000
6696.250 1.15794 1.00000
6697.790 1.15331 1.00000
6699.330 1.15378 1.00000
